0.281250
0.284180
0.284180
0.257812
0.284668
0.284668
0.283203
0.284180
0.283203
0.281250
0.245117
0.247070
0.234863
0.235352
0.257324
0.219238
0.236328
0.207031
0.230469
0.218262
0.218750
0.203613
0.197266
0.161133
0.193359
0.145508
0.175293
0.131836
0.149414
0.117188
0.133789
0.101562
0.113281
0.078125
0.104004
0.069336
0.095215
0.050781
0.044922
0.043945
0.039062
0.038086
0.032227
0.028809
0.018066
0.014160
0.011719
0.000488
0.003906
-0.006348
0.026855
0.019043
0.013672
-0.016113
0.013672
-0.022461
-0.023438
-0.032227
-0.027344
-0.025879
-0.017090
-0.014160
-0.009766
0.000488
0.016602
0.027832
0.037598
0.048340
0.060547
0.080078
0.083496
0.109375
0.117676
0.155762
0.180664
0.192383
0.177246
0.214355
0.221191
0.191895
0.185547
0.184082
0.191895
0.184570
0.212891
0.178223
0.204102
0.199707
0.201172
0.165039
0.191895
0.187988
0.188965
0.154297
0.181152
0.169434
0.164062
0.125977
0.142578
0.112793
0.128906
0.100098
0.118164
0.076172
0.102051
0.064453
0.056152
0.047852
0.048340
0.038574
0.033691
0.024902
0.024414
0.013672
0.003418
0.034180
-0.002441
0.019531
-0.016113
0.017578
-0.026367
0.009766
-0.034180
0.000977
-0.041016
-0.041992
-0.041504
-0.041016
-0.041016
-0.041016
-0.041016
-0.032715
-0.025879
-0.021484
-0.013672
0.000000
0.006836
0.018555
0.028320
0.065430
0.078125
0.087891
0.098633
0.105469
0.121582
0.134277
0.145996
0.159180
0.167969
0.177734
0.182617
0.189941
0.198242
0.202637
0.208496
0.202148
0.202637
0.198242
0.202148
0.198242
0.155273
0.153809
0.147461
0.141113
0.134277
0.126465
0.115723
0.115723
0.090332
0.080078
0.084473
0.071289
0.066406
0.057129
0.043945
0.041016
0.038086
0.028320
0.021484
0.016113
0.011719
-0.003418
-0.008789
-0.009766
-0.015625
-0.023438
-0.027344
-0.032715
-0.041016
-0.041992
-0.041504
-0.041504
-0.041504
-0.041016
-0.041504
-0.032715
-0.030273
-0.020996
-0.013672
-0.005371
-0.001953
0.013184
0.024902
0.040527
0.048828
0.060547
0.094238
0.110840
0.125488
0.143555
0.154785
0.161133
0.176758
0.199707
0.208984
0.215332
0.221191
0.225098
0.225586
0.214355
0.186523
0.174805
0.161133
0.139648
0.127441
0.112305
0.109375
0.103027
0.097168
0.089355
0.084961
0.082520
0.079102
0.071289
0.063477
0.053223
0.047363
0.036621
0.025879
0.017578
0.013184
0.003418
-0.003418
-0.006836
-0.016113
-0.025391
-0.042480
-0.042969
-0.049805
-0.054199
-0.061035
-0.064453
-0.067871
-0.073242
-0.069824
-0.063477
-0.055664
-0.039551
-0.023438
-0.008301
0.022949
0.020508
0.018066
0.019531
0.024902
0.024902
0.046875
0.048828
0.073242
0.087402
0.103516
0.108887
0.114746
0.120117
0.128906
0.112793
0.113770
0.097656
0.061035
0.043457
0.039551
0.026367
0.014160
0.011719
0.006348
0.002441
0.005859
0.002441
0.006836
0.002441
-0.019531
-0.028809
-0.038574
-0.049316
-0.061523
-0.066895
-0.086426
-0.088867
-0.093262
-0.093750
-0.096680
-0.094727
-0.093262
-0.091309
-0.082520
-0.075195
-0.028809
-0.055664
-0.001953
0.003906
0.027832
0.023926
0.045410
0.045410
0.073730
0.072266
0.047363
0.090332
0.097656
0.107910
0.114258
0.123047
0.124023
0.142578
0.142578
0.150391
0.152344
0.159668
0.164551
0.162598
0.166016
0.170898
0.166016
0.156738
0.156738
0.156250
0.144043
0.143066
0.133301
0.128906
0.119629
0.123535
0.112305
0.106445
0.103027
0.092773
0.087402
0.074707
0.071289
0.045410
0.057617
0.052246
0.044434
0.047852
0.027344
0.019531
0.006348
-0.001953
-0.004395
-0.018066
-0.021973
-0.036621
-0.037109
-0.056641
-0.058594
-0.076660
-0.072266
-0.083008
-0.077637
-0.082031
-0.081055
-0.086914
-0.118164
-0.082031
-0.107422
-0.109375
-0.096680
-0.087402
-0.081055
-0.079102
-0.066895
-0.056641
-0.042480
-0.027344
-0.011719
-0.003906
0.028320
0.057617
0.077148
0.100586
0.121582
0.138672
0.183105
0.207520
0.221191
0.233398
0.249023
0.258301
0.261719
0.261719
0.265137
0.266113
0.234863
0.255371
0.252441
0.249512
0.218262
0.215332
0.202148
0.190918
0.205078
0.186035
0.173828
0.173340
0.169434
0.158203
0.152344
0.139160
0.131836
0.125488
0.126465
0.105957
0.107910
0.087402
0.090820
0.059082
0.059082
0.042480
0.039551
0.024902
0.014648
-0.034668
-0.016113
-0.016602
-0.028809
-0.038574
-0.052734
-0.094727
-0.107910
-0.106445
-0.115234
-0.120605
-0.123535
-0.121582
-0.125488
-0.119629
-0.121094
-0.108398
-0.102539
-0.093262
-0.087402
-0.082031
-0.072754
-0.062012
-0.061035
-0.041016
-0.029785
-0.018555
-0.009277
0.009766
0.013184
0.032227
0.047363
0.064453
0.092285
0.115723
0.123047
0.139160
0.153320
0.167480
0.178223
0.187988
0.193359
0.203125
0.203125
0.203125
0.193848
0.188965
0.155273
0.153320
0.148438
0.133301
0.124023
0.127930
0.113770
0.112793
0.100098
0.117188
0.085449
0.107910
0.066406
0.063965
0.052734
0.050293
0.045410
0.038086
0.033691
0.012695
0.004883
-0.004395
-0.014648
-0.021484
-0.034668
-0.042969
-0.054199
-0.062988
-0.070312
-0.075195
-0.081055
-0.084961
-0.091797
-0.090820
-0.091797
-0.086426
-0.086426
-0.076660
-0.068359
-0.058105
-0.055664
-0.041016
-0.030273
-0.024414
-0.013672
-0.006836
0.005859
0.017578
0.033203
0.049316
0.059570
0.104492
0.105469
0.118164
0.129883
0.139160
0.153809
0.160645
0.167480
0.167480
0.171875
0.175781
0.150879
0.170410
0.160645
0.129395
0.119141
0.112305
0.108887
0.101074
0.132324
0.117188
0.124023
0.105469
0.106934
0.110352
0.090332
0.095215
0.075195
0.071777
0.060547
0.053711
0.049316
0.044922
0.024902
0.023926
0.010742
-0.001953
-0.010254
-0.024414
-0.033691
-0.043457
-0.053711
-0.063965
-0.079590
-0.082031
-0.120605
-0.130371
-0.126465
-0.131836
-0.132324
-0.129883
-0.122070
-0.111816
-0.109375
-0.098145
-0.091797
-0.078125
-0.069824
-0.057129
-0.048340
-0.040039
-0.031738
-0.019531
-0.014648
0.000488
0.020508
0.050781
0.059082
0.067383
0.081543
0.107910
0.125977
0.149902
0.162598
0.180176
0.195312
0.217285
0.203613
0.213379
0.228027
0.238281
0.233887
0.221191
0.222656
0.220215
0.216309
0.216309
0.211914
0.203125
0.195312
0.187012
0.185059
0.177246
0.138672
0.161621
0.151367
0.136719
0.123535
0.118652
0.113281
0.111328
0.107910
0.101562
0.090332
0.083984
0.069824
0.074219
0.050781
0.053223
0.031738
0.027344
0.012207
-0.005371
-0.014160
-0.018066
-0.062988
-0.080566
-0.090820
-0.092285
-0.100098
-0.109375
-0.117676
-0.128418
-0.128906
-0.123047
-0.119629
-0.118164
-0.116211
-0.106445
-0.095703
-0.093262
-0.065430
-0.059082
-0.041016
-0.025391
-0.013184
-0.000488
0.018555
0.044922
0.062012
0.097656
0.118652
0.121582
0.148438
0.154785
0.165039
0.191895
0.192871
0.203613
0.196289
0.194824
0.194824
0.192871
0.185059
0.180664
0.167480
0.165527
0.150391
0.139160
0.130371
0.123047
0.116211
0.116699
0.081543
0.076660
0.054199
0.046875
0.037109
0.025391
0.016113
0.000977
-0.005371
-0.019531
-0.022949
-0.000977
-0.015625
-0.051270
-0.024902
-0.033691
-0.041992
-0.050293
-0.090820
-0.094238
-0.098145
-0.099609
-0.105469
-0.102539
-0.100586
-0.090332
-0.083008
-0.067871
-0.059570
-0.048340
-0.040527
-0.027832
-0.020020
-0.005371
0.005859
0.016602
0.034180
0.059082
0.074219
0.085449
0.095215
0.112305
0.129883
0.145996
0.155273
0.172852
0.185059
0.192871
0.196777
0.195801
0.196289
0.193359
0.189453
0.186035
0.179688
0.171875
0.167480
0.135742
0.136230
0.125000
0.112305
0.115723
0.101562
0.091309
0.087402
0.081055
0.078125
0.065430
0.064453
0.089355
0.046875
0.040527
0.030762
0.021973
0.011230
0.011719
0.002930
-0.007812
-0.025391
-0.033691
-0.042480
-0.055664
-0.054199
-0.060059
-0.066406
-0.074707
-0.077637
-0.082031
-0.081055
-0.080566
-0.078613
-0.073730
-0.070801
-0.066895
-0.062500
-0.049316
-0.048828
-0.030273
-0.022949
-0.010742
0.000488
0.017090
0.024414
0.038086
0.052246
0.064453
0.102051
0.087402
0.122070
0.135254
0.164551
0.172852
0.179199
0.196289
0.206543
0.203125
0.203613
0.180664
0.184082
0.176758
0.155273
0.147461
0.141113
0.135254
0.125000
0.114258
0.105957
0.124023
0.115723
0.119141
0.104492
0.100098
0.086426
0.070801
0.060059
0.044922
0.040527
0.018555
0.013672
-0.014160
-0.019531
-0.037598
-0.047852
-0.066406
-0.079102
-0.094238
-0.104492
-0.114258
-0.123047
-0.168457
-0.173340
-0.173828
-0.177734
-0.179199
-0.171387
-0.172363
-0.168945
-0.167480
-0.167969
-0.168945
-0.170410
-0.171387
-0.169434
-0.166504
-0.160645
-0.152832
-0.150879
-0.135742
-0.134277
-0.123535
-0.114258
-0.099121
-0.088867
-0.076172
-0.062500
-0.049316
-0.034180
-0.019043
-0.004883
0.014648
0.027344
0.043457
0.062988
0.077637
0.104980
0.143555
0.150391
0.160645
0.163574
0.166016
0.169434
0.174316
0.161133
0.153320
0.148438
0.137695
0.130859
0.124512
0.114258
0.104004
0.125488
0.121094
0.118652
0.106934
0.112793
0.113770
0.103516
0.102539
0.099609
0.092773
0.079590
0.082520
0.070312
0.069824
0.018555
0.055664
0.009277
0.037598
-0.011230
0.015137
-0.032227
-0.009277
-0.050293
-0.065430
-0.068359
-0.045898
-0.084961
-0.089355
-0.090332
-0.098145
-0.105957
-0.101074
-0.100098
-0.098633
-0.094727
-0.092773
-0.083496
-0.076660
-0.068359
-0.051270
-0.041504
-0.032715
-0.029297
-0.013672
-0.001953
0.005371
0.015137
0.030762
0.050781
0.067871
0.104492
0.126465
0.144531
0.161621
0.180176
0.191406
0.203125
0.216309
0.227051
0.229980
0.228027
0.225098
0.222168
0.192383
0.209961
0.178223
0.173828
0.165527
0.159668
0.146973
0.149414
0.167969
0.148926
0.148438
0.133789
0.134766
0.123535
0.120605
0.101562
0.107422
0.104980
0.092773
0.077637
0.072754
0.058105
0.053223
0.038574
0.035645
0.028809
0.018066
0.007324
-0.004395
-0.009766
-0.024414
-0.031738
-0.056641
-0.064453
-0.102051
-0.077637
-0.113770
-0.113770
-0.114746
-0.123047
-0.115723
-0.113770
-0.110840
-0.104492
-0.100098
-0.096191
-0.092285
-0.081543
-0.069336
-0.064941
-0.050293
-0.042969
-0.033691
-0.020996
-0.012207
-0.002930
0.009766
0.025879
0.030762
0.051270
0.071289
0.081055
0.094238
0.114746
0.116699
0.138184
0.145020
0.155273
0.162598
0.179688
0.185059
0.186035
0.179199
0.180176
0.176270
0.177246
0.176758
0.165527
0.165527
0.164062
0.159668
0.151367
0.150391
0.147461
0.144043
0.143555
0.114258
0.113770
0.107910
0.102051
0.100098
0.087402
0.070801
0.076660
0.055664
0.066895
0.034180
0.038574
0.026367
0.014648
0.012207
0.000488
-0.015137
-0.014160
-0.032715
-0.035156
-0.042969
-0.058594
-0.059082
-0.074219
-0.077637
-0.090820
-0.089844
-0.098633
-0.094238
-0.136230
-0.088379
-0.134277
-0.093750
-0.093750
-0.085938
-0.114746
-0.071777
-0.099121
-0.092285
-0.087891
-0.075195
-0.065918
-0.057617
-0.041992
-0.033203
-0.021484
-0.012695
-0.000488
0.017578
0.029297
0.044434
0.055176
0.079590
0.096191
0.150391
0.188965
0.179199
0.187500
0.187012
0.196777
0.229004
0.229980
0.224609
0.224121
0.218262
0.217773
0.218262
0.216309
0.205566
0.200684
0.202637
0.196777
0.188965
0.194336
0.182617
0.173828
0.175293
0.165039
0.160156
0.150879
0.136230
0.131348
0.118652
0.112793
0.097656
0.101562
0.084473
0.077148
0.068848
0.063965
0.053223
0.045898
0.031250
0.029297
0.016113
0.006836
-0.001465
-0.014160
-0.025391
-0.035645
-0.048340
-0.054688
-0.063477
-0.075195
-0.083008
-0.092285
-0.132324
-0.134277
-0.136230
-0.134277
-0.132324
-0.127930
-0.122070
-0.114258
-0.108398
-0.099609
-0.093262
-0.082520
-0.076172
-0.066895
-0.049805
-0.041016
-0.026367
-0.014648
0.000000
0.013184
0.027344
0.044434
0.078125
0.092773
0.120605
0.137207
0.159668
0.165527
0.175293
0.194824
0.212891
0.221191
0.229492
0.231934
0.233887
0.234863
0.231445
0.228027
0.191895
0.190918
0.181152
0.182129
0.166504
0.159668
0.140137
0.130859
0.129883
0.121582
0.147949
0.138672
0.128906
0.116699
0.108887
0.096680
0.092285
0.087891
0.049805
0.041992
0.024414
0.013672
0.006348
-0.006348
-0.011230
-0.019531
-0.028320
-0.041992
-0.049316
-0.053223
-0.066895
-0.064453
-0.071777
-0.073730
-0.070801
-0.070801
-0.066895
-0.060547
-0.053223
-0.048828
-0.040527
-0.032227
-0.021484
-0.018066
-0.004883
0.006348
0.017578
0.029297
0.059082
0.068359
0.071289
0.079102
0.099609
0.115723
0.120605
0.131836
0.145508
0.154297
0.163574
0.172852
0.177734
0.174805
0.170898
0.164062
0.160645
0.164062
0.158203
0.153809
0.111328
0.111816
0.108398
0.099609
0.095703
0.114258
0.076172
0.104492
0.093262
0.092773
0.077148
0.079590
0.070312
0.066406
0.052734
0.047852
0.031250
0.025391
-0.005859
-0.017090
-0.022461
-0.031738
-0.041992
-0.057617
-0.055176
-0.061035
-0.064453
-0.069336
-0.075195
-0.068848
-0.069824
-0.063965
-0.053223
-0.051270
-0.041504
-0.033691
-0.024902
-0.017578
-0.010254
0.003418
0.019043
0.034668
0.041504
0.041992
0.079590
0.093750
0.104492
0.119141
0.129395
0.143066
0.153809
0.162109
0.172363
0.180664
0.178223
0.179688
0.178711
0.178711
0.147949
0.141113
0.136230
0.162598
0.160156
0.161133
0.148438
0.147949
0.146484
0.138672
0.134277
0.126465
0.132812
0.113770
0.117188
0.104492
0.106445
0.089355
0.091797
0.066406
0.071289
0.052246
0.050293
0.047852
0.043457
0.030273
0.026367
0.014160
0.010742
-0.002930
-0.001465
-0.004883
-0.020508
-0.020020
-0.034668
-0.033203
-0.053223
-0.046875
-0.048340
-0.053223
-0.055664
-0.057617
-0.066895
-0.047852
-0.050293
-0.041504
-0.080078
-0.039062
-0.065430
-0.021484
-0.049316
-0.035645
-0.025391
-0.010742
-0.003906
0.014160
0.019043
0.066406
0.072754
0.098145
0.113770
0.127930
0.164551
0.156738
0.173828
0.183105
0.190918
0.189941
0.187500
0.183594
0.182129
0.178711
0.208984
0.199707
0.189453
0.186523
0.183105
0.180664
0.172363
0.167480
0.166504
0.166504
0.163086
0.157227
0.151855
0.142578
0.128906
0.129883
0.110840
0.109863
0.089355
0.092285
0.063965
0.061523
0.040039
0.031738
0.016113
0.010254
-0.009766
-0.013184
-0.033203
-0.040527
-0.055176
-0.062988
-0.075195
-0.089844
-0.093750
-0.109375
-0.111816
-0.124023
-0.127930
-0.168457
-0.165039
-0.159668
-0.152832
-0.152832
-0.147461
-0.144043
-0.130859
-0.129883
-0.115723
-0.115234
-0.103027
-0.091797
-0.087402
-0.080566
-0.065918
-0.049316
-0.041992
-0.027832
-0.011230
0.002930
0.012207
0.035645
0.053223
0.065430
0.081055
0.096680
0.106934
0.131836
0.143066
0.159180
0.161621
0.171875
0.167969
0.189941
0.170410
0.199219
0.197754
0.196777
0.190430
0.192871
0.185059
0.189941
0.193848
0.187500
0.191406
0.184082
0.183594
0.152832
0.152344
0.145508
0.141113
0.123535
0.117676
0.106445
0.098633
0.120605
0.070312
0.061523
0.093262
0.050781
0.073730
0.056641
0.061035
0.042480
0.046875
0.020996
0.030273
0.011719
-0.001465
-0.007324
-0.020508
-0.040039
-0.043945
-0.061523
-0.064941
-0.106934
-0.077637
-0.119141
-0.092285
-0.134277
-0.131836
-0.134766
-0.127930
-0.133301
-0.120605
-0.118652
-0.111816
-0.106445
-0.093750
-0.085938
-0.078613
-0.067871
-0.059570
-0.049316
-0.041992
-0.026855
-0.018555
-0.002930
0.011719
0.022949
0.047852
0.062012
0.084961
0.092773
0.108887
0.139648
0.163574
0.174316
0.187012
0.208496
0.192383
0.194824
0.195801
0.217773
0.218262
0.212891
0.212402
0.199707
0.197754
0.177246
0.172363
0.165527
0.166016
0.156250
0.161621
0.152344
0.145020
0.143066
0.145020
0.135254
0.127441
0.114258
0.115723
0.099121
0.099609
0.090332
0.083008
0.068848
0.063965
0.053711
0.047852
0.038574
0.032715
0.023926
0.020020
0.000977
-0.002441
-0.007812
-0.021973
-0.027832
-0.034180
-0.046875
-0.053223
-0.059082
-0.068359
-0.079590
-0.078613
-0.117676
-0.081055
-0.116699
-0.084961
-0.109863
-0.104980
-0.098145
-0.085938
-0.070312
-0.066406
-0.057617
-0.049805
-0.035645
-0.027832
-0.013672
0.000000
0.010742
0.025879
0.043945
0.056152
0.079590
0.088867
0.105957
0.110352
0.118164
0.118164
0.129395
0.133301
0.134277
0.158203
0.166992
0.163574
0.163574
0.159668
0.160156
0.155762
0.159668
0.153809
0.147949
0.140625
0.141602
0.130859
0.133301
0.126953
0.128418
0.114258
0.111328
0.107910
0.090820
0.097656
0.058105
0.078613
0.065918
0.066895
0.045898
0.044434
0.024902
0.025879
0.006836
-0.004395
-0.013672
-0.026367
-0.043945
-0.060547
-0.070312
-0.080078
-0.084961
-0.129883
-0.098145
-0.135254
-0.103516
-0.136719
-0.131348
-0.130371
-0.124023
-0.127441
-0.109863
-0.098633
-0.089844
-0.084473
-0.074219
-0.067383
-0.053223
-0.041504
-0.029785
-0.021973
-0.001465
0.010254
0.021484
0.040039
0.055664
0.071777
0.090332
0.122559
0.144531
0.150879
0.169434
0.183594
0.190430
0.203613
0.203125
0.209473
0.189453
0.188477
0.183105
0.171875
0.168945
0.188477
0.156250
0.181152
0.133301
0.171387
0.157227
0.159180
0.150879
0.147949
0.142090
0.101074
0.095215
0.088867
0.080078
0.072266
0.067871
0.059082
0.055176
0.049316
0.037109
0.029785
0.025391
0.008301
0.009277
-0.000488
0.028809
-0.014160
0.013184
-0.026367
-0.002441
-0.042480
-0.016113
-0.057617
-0.059570
-0.060059
-0.062988
-0.063477
-0.063477
-0.056152
-0.051758
-0.049316
-0.041992
-0.030762
-0.020508
-0.010254
-0.006836
0.009277
0.018066
0.030273
0.038086
0.050293
0.071777
0.105469
0.087402
0.127441
0.143066
0.150879
0.161133
0.171387
0.183105
0.189941
0.190918
0.171875
0.170898
0.157227
0.156250
0.173340
0.179199
0.165527
0.166016
0.157715
0.166504
0.160156
0.165527
0.153320
0.146973
0.142090
0.137695
0.126953
0.127930
0.119141
0.119629
0.108398
0.100586
0.097656
0.091309
0.083496
0.078613
0.038086
0.062500
0.020996
0.055664
0.042480
0.040527
0.027832
0.024902
0.012695
0.010254
-0.008301
-0.010742
-0.023438
-0.022949
-0.040527
-0.043945
-0.049316
-0.061035
-0.062500
-0.071777
-0.075195
-0.109863
-0.071777
-0.103027
-0.097656
-0.097168
-0.091797
-0.078125
-0.070801
-0.060059
-0.055664
-0.034180
-0.020508
-0.009766
0.002930
0.016113
0.032715
0.048340
0.062500
0.080078
0.092285
0.102051
0.116211
0.125000
0.126465
0.136719
0.139160
0.127930
0.125000
0.125488
0.121582
0.114258
0.102051
0.099121
0.129883
0.083008
0.118652
0.112793
0.113281
0.089844
0.106934
0.087891
0.085449
0.083008
0.078613
0.078125
0.063965
0.064941
0.050293
0.054199
0.038086
0.038574
0.027832
0.020508
0.010742
0.002441
-0.017090
-0.021484
-0.025879
-0.036621
-0.057129
-0.058105
-0.079102
-0.063965
-0.081055
-0.072754
-0.082031
-0.091797
-0.083496
-0.120117
-0.112793
-0.112793
-0.100098
-0.096191
-0.079590
-0.083008
-0.067383
-0.062500
-0.048828
-0.033203
-0.020996
-0.007324
0.001953
0.018066
0.032227
0.046387
0.062988
0.094238
0.114258
0.119141
0.139160
0.149414
0.163086
0.172363
0.186035
0.192871
0.196289
0.203125
0.203125
0.200684
0.168457
0.158691
0.163574
0.178223
0.184570
0.173340
0.164551
0.166992
0.163086
0.161133
0.155762
0.152344
0.143555
0.140625
0.096680
0.115234
0.111816
0.104980
0.070801
0.065430
0.052734
0.044922
0.060059
0.011719
0.043457
-0.002930
0.022949
-0.026855
0.000488
-0.049316
-0.059570
-0.069336
-0.078613
-0.088867
-0.064453
-0.110840
-0.083984
-0.120605
-0.126953
-0.126953
-0.127930
-0.121582
-0.120605
-0.125000
-0.118164
-0.113281
-0.107910
-0.104492
-0.091797
-0.090332
-0.085938
-0.076172
-0.067383
-0.049316
-0.035156
-0.021973
-0.009277
0.003906
0.020020
0.034668
0.055176
0.075684
0.110352
0.135742
0.153809
0.173828
0.189453
0.199219
0.198242
0.196777
0.191406
0.192383
0.186523
0.187012
0.185547
0.170410
0.167969
0.164062
0.155273
0.151855
0.146973
0.137695
0.130371
0.122070
0.112793
0.093750
0.084473
0.078613
0.063477
0.055176
0.039062
0.017090
0.008789
-0.002930
-0.022461
-0.034180
-0.051758
-0.059082
-0.071777
-0.080078
-0.089844
-0.098145
-0.106445
-0.115234
-0.117188
-0.121094
-0.120605
-0.124023
-0.114746
-0.112793
-0.101074
-0.097656
-0.089355
-0.078125
-0.073730
-0.065918
-0.056152
-0.049316
-0.034180
-0.023438
-0.009277
0.003906
0.018066
0.036133
0.056641
0.064453
0.089355
0.101562
0.109863
0.144531
0.153809
0.161133
0.162109
0.154297
0.153320
0.154297
0.178223
0.175293
0.181641
0.187500
0.180664
0.193359
0.190918
0.190918
0.191406
0.193848
0.166992
0.165039
0.151367
0.152832
0.143555
0.128418
0.122559
0.113281
0.099121
0.094727
0.084473
0.069824
0.096680
0.092285
0.090332
0.076660
0.070801
0.058594
0.060059
0.013672
0.045898
0.033203
0.026855
0.016602
0.006348
-0.008301
-0.019043
-0.023926
-0.032715
-0.036133
-0.043457
-0.050781
-0.093262
-0.101074
-0.106934
-0.114746
-0.111328
-0.110840
-0.100098
-0.101074
-0.088379
-0.083496
-0.073242
-0.065430
-0.050293
-0.041504
-0.026367
-0.014648
-0.006348
0.004883
0.020508
0.023438
0.049316
0.069336
0.073730
0.098633
0.114258
0.129883
0.163574
0.174805
0.197754
0.213867
0.202148
0.198242
0.197754
0.201660
0.197754
0.213867
0.175781
0.206055
0.201172
0.173340
0.198242
0.192871
0.189941
0.183105
0.132324
0.136230
0.130859
0.142578
0.137207
0.134766
0.118164
0.118164
0.106934
0.109375
0.098145
0.091797
0.051270
0.072754
0.067383
0.064453
0.046387
0.046875
0.027832
0.015137
0.007812
0.000488
-0.011719
-0.016113
-0.023926
-0.037598
-0.040039
-0.083496
-0.056641
-0.092773
-0.097656
-0.100586
-0.103027
-0.102539
-0.102051
-0.105957
-0.098145
-0.098633
-0.085938
-0.084961
-0.076660
-0.063965
-0.055176
-0.050781
-0.040527
-0.029785
-0.021973
-0.009277
0.006836
0.016602
0.027832
0.063477
0.081543
0.088867
0.115723
0.130371
0.145508
0.171387
0.190918
0.202637
0.216797
0.223145
0.230469
0.238281
0.240723
0.241699
0.244141
0.237305
0.229492
0.221680
0.218262
0.186523
0.174316
0.163574
0.152832
0.136719
0.133789
0.124512
0.112793
0.103027
0.089355
0.121094
0.078125
0.098633
0.059570
0.058105
0.046875
0.039551
0.032227
0.025391
0.012207
0.007812
0.000488
-0.005859
-0.015137
-0.022461
-0.026367
-0.035156
-0.041992
-0.049316
-0.057129
-0.059082
-0.063477
-0.063477
-0.068359
-0.071289
-0.064453
-0.068359
-0.062012
-0.050781
-0.041016
-0.041016
-0.033691
-0.019531
-0.009766
-0.002930
0.004395
0.018555
0.034180
0.038086
0.049805
0.062012
0.104004
0.120117
0.133301
0.150391
0.174316
0.182617
0.188965
0.196289
0.198730
0.195801
0.165527
0.159668
0.154297
0.152832
0.141113
0.132812
0.114258
0.104980
0.104004
0.097656
0.093750
0.084961
0.080078
0.076660
0.072754
0.064453
0.060059
0.049805
0.046387
0.033203
0.026855
0.022461
0.014648
0.005371
-0.007812
-0.013672
-0.025879
-0.042969
-0.049805
-0.066406
-0.069336
-0.079590
-0.091309
-0.094238
-0.100098
-0.097656
-0.100586
-0.094238
-0.097168
-0.089355
-0.085938
-0.074219
-0.061035
-0.050293
-0.042480
-0.032227
-0.024414
-0.005859
0.007324
0.044922
0.061523
0.079102
0.095703
0.118164
0.134766
0.154297
0.162109
0.171875
0.183594
0.197266
0.194824
0.188477
0.190430
0.194824
0.189941
0.188965
0.185547
0.182617
0.171875
0.162109
0.155762
0.146484
0.134277
0.106445
0.095703
0.081543
0.075684
0.061523
0.044922
0.036133
0.029785
0.015625
0.007324
-0.006836
-0.015137
-0.026367
-0.042969
-0.049805
-0.019043
-0.029297
-0.036133
-0.033203
-0.029297
-0.040527
-0.026855
-0.036621
-0.027344
-0.031250
-0.021973
-0.026367
-0.024414
-0.014160
-0.007812
-0.022949
-0.012207
0.000977
0.012695
0.024902
0.036621
0.049805
0.058594
0.074219
0.084961
0.092285
0.102539
0.109375
0.110840
0.126465
0.133789
0.159180
0.165039
0.158691
0.170898
0.172363
0.166016
0.170410
0.167480
0.160156
0.156738
0.152832
0.146973
0.145020
0.136230
0.140625
0.128418
0.133301
0.122559
0.112793
0.105957
0.097168
0.081055
0.077148
0.071777
0.059082
0.057617
0.043945
0.047852
0.029785
0.029297
0.012695
0.008301
-0.002930
-0.010742
-0.022949
-0.027832
-0.044922
-0.044434
-0.057129
-0.073730
-0.078125
-0.083496
-0.085938
-0.128906
-0.089355
-0.120605
-0.112793
-0.111816
-0.109863
-0.113770
-0.100586
-0.093750
-0.083496
-0.074219
-0.064941
-0.055664
-0.041504
-0.024902
-0.014160
-0.008301
0.012695
0.021484
0.048340
0.063477
0.107910
0.114258
0.141113
0.148438
0.174805
0.179688
0.187500
0.206543
0.223633
0.231934
0.239258
0.242188
0.233887
0.228516
0.223145
0.219238
0.212891
0.185547
0.198730
0.170898
0.159668
0.151367
0.140137
0.125488
0.117188
0.107422
0.089355
0.075684
0.091797
0.075195
0.071777
0.053223
0.049316
0.023438
0.018555
-0.030762
-0.005859
-0.049805
-0.031738
-0.075195
-0.090820
-0.097168
-0.109863
-0.119141
-0.126465
-0.128906
-0.134766
-0.129883
-0.129883
-0.126465
-0.119141
-0.114258
-0.114746
-0.101074
-0.091309
-0.084961
-0.076172
-0.067383
-0.056152
-0.048340
-0.040527
-0.020508
-0.010254
0.001465
0.015625
0.028809
0.071777
0.076172
0.088867
0.100586
0.117188
0.130371
0.145020
0.163574
0.170410
0.178223
0.185547
0.191406
0.185547
0.186035
0.183105
0.178711
0.172852
0.168945
0.120605
0.118652
0.108887
0.101074
0.095703
0.112793
0.078613
0.110352
0.065430
0.093750
0.048828
0.046387
0.032227
0.024414
0.021973
0.012695
0.004883
-0.000977
-0.014648
-0.020996
-0.027832
-0.041992
-0.049805
-0.055176
-0.066895
-0.066895
-0.072266
-0.077637
-0.076172
-0.080078
-0.075684
-0.070801
-0.068359
-0.062500
-0.052246
-0.048828
-0.040527
-0.030273
-0.016113
-0.008301
0.000488
0.005859
0.023438
0.030273
0.067383
0.072266
0.082031
0.094727
0.103027
0.118164
0.122559
0.131836
0.138184
0.144043
0.145020
0.127441
0.142578
0.119141
0.111816
0.111328
0.098633
0.096680
0.085938
0.115723
0.071289
0.104980
0.088867
0.097168
0.076172
0.081055
0.072754
0.069824
0.060547
0.056641
0.047363
0.034668
0.033691
0.024902
0.021484
-0.006836
-0.003906
-0.020996
-0.021484
-0.047852
-0.044434
-0.101074
-0.059082
-0.074707
-0.072266
-0.087891
-0.081543
-0.091797
-0.086914
-0.119629
-0.082031
-0.113281
-0.110840
-0.107422
-0.091797
-0.084473
-0.077637
-0.068848
-0.057617
-0.055664
-0.041504
-0.027344
-0.015137
-0.001953
0.024414
0.047852
0.059082
0.098145
0.109863
0.134277
0.160156
0.170410
0.198242
0.210449
0.229492
0.245605
0.261230
0.266602
0.260254
0.255859
0.258789
0.263184
0.264160
0.259277
0.254883
0.247070
0.239746
0.236328
0.254395
0.196777
0.209961
0.177246
0.199219
0.197266
0.185547
0.180664
0.169434
0.163574
0.158691
0.145508
0.135254
0.125977
0.117188
0.109375
0.100098
0.084473
0.080078
0.073730
0.058105
0.052246
0.037598
0.036621
0.025391
0.019531
0.010254
0.003418
-0.005859
-0.011230
-0.028320
-0.026855
-0.043457
-0.060059
-0.066406
-0.074707
-0.079590
-0.116211
-0.085938
-0.123535
-0.119629
-0.119629
-0.107422
-0.101562
-0.098633
-0.091309
-0.085449
-0.071289
-0.060547
-0.055664
-0.041016
-0.030762
-0.016602
-0.003418
0.013184
0.030273
0.039551
0.063965
0.086914
0.124023
0.140137
0.152832
0.169434
0.197266
0.213867
0.230957
0.239258
0.241699
0.226074
0.229980
0.243164
0.242676
0.231934
0.222168
0.212891
0.187012
0.176270
0.158691
0.150391
0.143555
0.130371
0.127930
0.111328
0.093750
0.080078
0.066895
0.087891
0.059082
0.065430
0.042480
0.015137
0.026367
0.014160
-0.003906
-0.017578
-0.030762
-0.046875
-0.060547
-0.076172
-0.116699
-0.129395
-0.141602
-0.144043
-0.146973
-0.149902
-0.153809
-0.153320
-0.154297
-0.151855
-0.148438
-0.145508
-0.132812
-0.125977
-0.124512
-0.114746
-0.106445
-0.099121
-0.091797
-0.081543
-0.077148
-0.062988
-0.048340
-0.040527
-0.025391
-0.006836
0.002441
0.024902
0.060059
0.072266
0.083496
0.099121
0.118652
0.136719
0.145020
0.161621
0.173828
0.191406
0.198730
0.203613
0.203125
0.208984
0.199707
0.195312
0.189941
0.185547
0.182617
0.149902
0.143066
0.134277
0.119629
0.107910
0.102051
0.094238
0.113770
0.099121
0.103516
0.102539
0.087402
0.085938
0.074707
0.072266
0.068359
0.065430
0.042480
0.044922
0.034180
0.033203
0.016602
0.012695
0.000488
-0.014160
-0.017578
-0.032227
-0.037598
-0.048340
-0.051270
-0.062500
-0.067383
-0.079590
-0.117188
-0.087891
-0.121094
-0.124512
-0.118652
-0.119629
-0.117188
-0.106934
-0.099609
-0.090820
-0.084473
-0.076172
-0.065918
-0.054199
-0.048828
-0.040527
-0.008301
0.002441
0.003906
0.031250
0.047363
0.063965
0.099121
0.117188
0.135254
0.145996
0.168945
0.187500
0.197266
0.203125
0.218750
0.223145
0.228516
0.229492
0.230957
0.227051
0.197754
0.185547
0.177734
0.164062
0.147949
0.181641
0.142578
0.161133
0.148926
0.145020
0.136719
0.134277
0.128906
0.113770
0.108887
0.095215
0.090332
0.085449
0.074219
0.062988
0.052734
0.033691
0.026855
0.004395
-0.003906
-0.031738
-0.047852
-0.095215
-0.072754
-0.122559
-0.103516
-0.149902
-0.131348
-0.164551
-0.175293
-0.193848
-0.193359
-0.194336
-0.196289
-0.191406
-0.194336
-0.194824
-0.202148
-0.195312
-0.196777
-0.187988
-0.187988
-0.184570
-0.188965
-0.187500
-0.188477
-0.179688
-0.173340
-0.153809
-0.153320
-0.143066
-0.132324
-0.124512
-0.114258
-0.104004
-0.089844
-0.081055
-0.062012
-0.049316
-0.032715
-0.020020
-0.002441
0.013672
0.027344
0.039062
0.062012
0.075684
0.092773
0.111328
0.129883
0.141113
0.152832
0.157227
0.158691
0.159668
0.162109
0.156738
0.157715
0.149414
0.137207
0.138184
0.159668
0.125488
0.151855
0.134766
0.135742
0.129395
0.098633
0.121094
0.091797
0.087891
0.076172
0.079590
0.073730
0.072754
0.054199
0.047852
0.036133
0.021484
0.016602
0.010254
-0.000488
-0.012207
-0.020996
-0.029785
-0.036621
-0.049805
-0.056641
-0.063477
-0.074707
-0.073242
-0.077148
-0.081543
-0.082031
-0.083496
-0.080078
-0.082031
-0.074219
-0.071777
-0.064453
-0.056152
-0.041992
-0.033203
-0.022461
-0.010742
-0.008789
0.006348
0.023438
0.026855
0.039551
0.058594
0.070312
0.104492
0.119629
0.132324
0.138184
0.149902
0.165527
0.189453
0.192871
0.193848
0.193359
0.191406
0.166992
0.161621
0.151367
0.148926
0.136719
0.119629
0.152832
0.135742
0.138184
0.136230
0.137207
0.130859
0.126953
0.117676
0.105957
0.107910
0.103516
0.092773
0.087402
0.082031
0.069336
0.070312
0.020020
0.046875
0.033203
0.035645
-0.012207
0.015625
-0.032227
-0.002930
-0.051758
-0.024902
-0.037109
-0.046387
-0.051270
-0.057617
-0.062988
-0.066895
-0.106445
-0.065918
-0.102051
-0.062988
-0.091309
-0.084961
-0.073242
-0.065430
-0.054199
-0.049805
-0.042480
-0.011230
-0.000488
0.017578
0.034668
0.046387
0.057129
0.074219
0.092285
0.102539
0.112305
0.139160
0.149414
0.158691
0.145996
0.154297
0.182129
0.155762
0.148438
0.158203
0.145020
0.139160
0.156250
0.123535
0.139160
0.134277
0.141602
0.126465
0.133789
0.125000
0.121094
0.117676
0.113770
0.110840
0.102051
0.098633
0.091309
0.088867
0.079102
0.069336
0.065430
0.051270
0.048340
0.032715
0.019531
0.016113
-0.001465
-0.004395
-0.013672
-0.028320
-0.031250
-0.043457
-0.053711
-0.065430
-0.074219
-0.073730
-0.115234
-0.111816
-0.067383
-0.107422
-0.067383
-0.101074
-0.093750
-0.085938
-0.075684
-0.067871
-0.058594
-0.055664
-0.041504
-0.029297
-0.020020
-0.011719
0.000977
0.014648
0.029297
0.039062
0.051758
0.065430
0.084961
0.116699
0.115723
0.147949
0.166992
0.175293
0.185547
0.196289
0.203125
0.207031
0.210449
0.183594
0.176270
0.164062
0.154297
0.181641
0.167480
0.164551
0.156250
0.148926
0.148438
0.134766
0.133301
0.126465
0.123535
0.080566
0.108398
0.096191
0.085938
0.081543
0.075684
0.033691
0.059570
0.054199
-0.002441
-0.007812
-0.020020
-0.029297
-0.035645
-0.049805
-0.055176
-0.062500
-0.068848
-0.074219
-0.080566
-0.045898
-0.083496
-0.083496
-0.084961
-0.080566
-0.079590
-0.068359
-0.067871
-0.053223
-0.051270
-0.034180
-0.027344
-0.014160
-0.004395
0.000977
0.016113
0.023926
0.040527
0.055176
0.070801
0.079102
0.100586
0.107910
0.115723
0.133789
0.134277
0.143066
0.144043
0.164062
0.168945
0.165527
0.147949
0.151855
0.165527
0.166992
0.164551
0.162598
0.161621
0.135254
0.161621
0.130859
0.128418
0.130371
0.116211
0.107422
0.102539
0.090332
0.082031
0.078613
0.073242
0.064453
0.061035
0.054688
0.050293
0.043945
0.040527
0.029785
0.023438
0.017090
0.007324
-0.003418
0.026367
-0.019043
0.006836
-0.003418
-0.013184
-0.049805
-0.018066
-0.061035
-0.031738
-0.077637
-0.043945
-0.079590
-0.047363
-0.076172
-0.076660
-0.073242
-0.064453
-0.063965
-0.053223
-0.041992
-0.041504
-0.027344
-0.019043
-0.010742
0.006348
0.011719
0.027344
0.037598
0.044922
0.059082
0.072754
0.082031
0.098633
0.115723
0.144531
0.161621
0.184570
0.192383
0.168457
0.159668
0.159668
0.177246
0.181152
0.174316
0.173340
0.162598
0.163086
0.160645
0.163086
0.151367
0.151855
0.150879
0.156738
0.139160
0.139648
0.134766
0.122070
0.115234
0.105469
0.104492
0.089355
0.085449
0.081543
0.066406
0.060059
0.058105
0.044922
0.038574
0.029297
0.032227
0.014648
0.019531
-0.005371
-0.009277
-0.012207
-0.023438
-0.032715
-0.041992
-0.044434
-0.064941
-0.055664
-0.071289
-0.067383
-0.073242
-0.071289
-0.078613
-0.072754
-0.066895
-0.059082
-0.098145
-0.053711
-0.078125
-0.073730
-0.059570
-0.049316
-0.041504
-0.033203
-0.025391
-0.010742
-0.006348
0.016113
0.026855
0.039551
0.054688
0.075195
0.096680
0.114746
0.134766
0.184570
0.173340
0.217285
0.229492
0.237793
0.246094
0.224609
0.257324
0.250977
0.253906
0.248535
0.251953
0.243652
0.249023
0.235352
0.230957
0.225586
0.222168
0.212891
0.211426
0.204102
0.206055
0.196777
0.186035
0.177246
0.174316
0.162109
0.157227
0.140137
0.129395
0.124512
0.114746
0.106445
0.095703
0.081055
0.082031
0.073730
0.061035
0.057129
0.045410
0.028320
0.031250
0.012695
0.013672
-0.004395
-0.009277
-0.018555
-0.026855
-0.040527
-0.039551
-0.057617
-0.060547
-0.074219
-0.069336
-0.077637
-0.077148
-0.078613
-0.077637
-0.111816
-0.113281
-0.105469
-0.094727
-0.083984
-0.075195
-0.071289
-0.062012
-0.055664
-0.041504
-0.033691
-0.025391
-0.011719
-0.002441
0.015625
0.022949
0.042969
0.065430
0.083984
0.125977
0.140625
0.149414
0.165527
0.185059
0.200195
0.212891
0.230957
0.237793
0.219238
0.244141
0.218262
0.210449
0.195312
0.195801
0.185547
0.191895
0.161133
0.186523
0.174316
0.178223
0.164062
0.157715
0.151367
0.148438
0.140137
0.128418
0.121582
0.111328
0.106445
0.094238
0.088379
0.071777
0.066895
0.043457
0.031738
0.013672
0.000488
-0.015137
-0.027344
-0.042480
-0.060547
-0.075195
-0.087402
-0.127441
-0.106934
-0.118164
-0.134766
-0.163086
-0.170410
-0.181152
-0.184082
-0.187012
-0.187500
-0.190918
-0.184082
-0.185547
-0.177246
-0.171875
-0.164551
-0.161621
-0.152344
-0.151367
-0.144043
-0.134277
-0.123535
-0.113770
-0.103516
-0.094238
-0.059570
-0.041504
-0.032227
-0.018066
-0.000488
0.010742
0.023438
0.047363
0.060547
0.075684
0.094727
0.104980
0.118164
0.130371
0.148438
0.154297
0.162109
0.166992
0.191895
0.198242
0.199219
0.195312
0.200195
0.205078
0.196777
0.204590
0.200195
0.203613
0.199219
0.196777
0.195312
0.199219
0.166504
0.181641
0.160156
0.178711
0.138184
0.156738
0.124023
0.143066
0.107422
0.124512
0.088379
0.117188
0.069336
0.098145
0.083984
0.078125
0.065918
0.070801
0.051758
0.047852
0.037109
0.028320
0.017090
0.012695
-0.000977
-0.034180
-0.042480
-0.049805
-0.063965
-0.069336
-0.078613
-0.096191
-0.098633
-0.140625
-0.108887
-0.116211
-0.118652
-0.119629
-0.151855
-0.148438
-0.147949
-0.142578
-0.139648
-0.124023
-0.118164
-0.110840
-0.104492
-0.099121
-0.087402
-0.081543
-0.065918
-0.055664
-0.042480
-0.033691
-0.017578
-0.003906
0.007324
0.029297
0.045410
0.055176
0.076172
0.087891
0.104492
0.113281
0.134766
0.153320
0.186035
0.192383
0.179199
0.208008
0.189941
0.216797
0.222656
0.222168
0.226562
0.228027
0.224609
0.227539
0.211914
0.191895
0.185059
0.180664
0.172363
0.179199
0.164551
0.129395
0.153809
0.140625
0.144531
0.133301
0.128418
0.116699
0.111816
0.108398
0.101562
0.091309
0.094238
0.068848
0.073730
0.066406
0.069824
0.047363
0.053223
0.030762
0.032715
0.010254
-0.003418
-0.007812
-0.015625
-0.021973
-0.036133
-0.049805
-0.060547
-0.066406
-0.076172
-0.083496
-0.117188
-0.121094
-0.120605
-0.120117
-0.115723
-0.108887
-0.106445
-0.096191
-0.094238
-0.077637
-0.067871
-0.056152
-0.049316
-0.041504
-0.029297
-0.016113
0.021973
0.043457
0.056152
0.080566
0.093750
0.129883
0.147949
0.161621
0.171387
0.173828
0.172852
0.188965
0.197266
0.201172
0.200195
0.198242
0.198730
0.172852
0.169434
0.166504
0.155273
0.148438
0.137207
0.133301
0.130371
0.124023
0.118164
0.136230
0.131348
0.126953
0.089844
0.087402
0.104980
0.099609
0.092773
0.054688
0.046387
0.035645
0.024902
0.014160
-0.001953
-0.011719
-0.030273
-0.042969
-0.051270
-0.061035
-0.069824
-0.080078
-0.086426
-0.095703
-0.096680
-0.101074
-0.095703
-0.094238
-0.091797
-0.078613
-0.069336
-0.061035
-0.051270
-0.041016
-0.030762
-0.016602
-0.005371
0.007324
0.018066
0.028809
0.072266
0.080566
0.094727
0.106934
0.124023
0.129883
0.137207
0.150879
0.164062
0.172363
0.174316
0.182129
0.182129
0.185547
0.186035
0.184570
0.175293
0.167480
0.133301
0.129395
0.124512
0.113281
0.107910
0.102539
0.097168
0.088867
0.087402
0.082031
0.074219
0.073242
0.070312
0.063477
0.055664
0.048828
0.043457
0.034180
0.024902
0.015625
0.016602
0.005859
-0.000488
-0.008789
-0.015625
-0.026367
-0.033691
-0.049316
-0.050781
-0.062500
-0.057129
-0.064941
-0.058105
-0.055664
-0.049316
-0.049316
-0.041016
-0.026367
-0.015625
-0.010254
0.005371
0.013184
0.029785
0.041016
0.051270
0.064453
0.084961
0.092773
0.102539
0.131836
0.147461
0.124512
0.164551
0.172852
0.176270
0.156738
0.145020
0.139160
0.150879
0.169922
0.170898
0.166016
0.173828
0.168945
0.162109
0.163086
0.157715
0.154785
0.162598
0.122070
0.152344
0.114258
0.145020
0.100098
0.132324
0.091797
0.125488
0.076660
0.115234
0.098145
0.092773
0.091797
0.087402
0.076660
0.072266
0.062012
0.068848
0.060547
0.053711
0.045410
0.041016
0.030762
0.029297
0.022949
0.008301
0.008789
-0.007812
0.001465
-0.015137
-0.020020
-0.025879
-0.030273
-0.041992
-0.041016
-0.049805
-0.049805
-0.062500
-0.052734
-0.074219
-0.061523
-0.066895
-0.056641
-0.065430
-0.051270
-0.083008
-0.036621
-0.061035
-0.021484
-0.042969
0.001953
-0.022949
-0.004883
0.005371
0.018066
0.033203
0.045898
0.050781
0.071289
0.086426
0.102051
0.107910
0.110352
0.118164
0.121094
0.149414
0.146973
0.143555
0.146973
0.141113
0.141602
0.140625
0.135254
0.103027
0.121094
0.092285
0.092773
0.088379
0.086914
0.110352
0.110840
0.099121
0.096680
0.092285
0.084961
0.074707
0.079102
0.059570
0.054199
0.055176
0.044922
0.039062
0.000977
0.023926
0.011719
0.001465
-0.008301
-0.044922
-0.028320
-0.059082
-0.041016
-0.073242
-0.061523
-0.091797
-0.086426
-0.080566
-0.083008
-0.092773
-0.090332
-0.099121
-0.101562
-0.094727
-0.093750
-0.086914
-0.119141
-0.104980
-0.100586
-0.094727
-0.084961
-0.082031
-0.073730
-0.049316
-0.041504
-0.022461
-0.006348
0.003418
0.019043
0.034180
0.044922
0.063477
0.081055
0.098145
0.112305
0.164551
0.176270
0.186523
0.174316
0.184082
0.187012
0.187988
0.197754
0.201660
0.215332
0.218750
0.211914
0.210938
0.208008
0.205078
0.201660
0.195801
0.184082
0.180664
0.176758
0.175293
0.170898
0.160156
0.155762
0.150879
0.147949
0.137207
0.130859
0.114258
0.109375
0.103027
0.095215
0.084473
0.080566
0.036621
0.061035
0.048828
0.044434
0.032715
0.028320
0.019043
0.007324
-0.005371
-0.017578
-0.028809
-0.055664
-0.070312
-0.075195
-0.091797
-0.133789
-0.137695
-0.145996
-0.149902
