0.059570
0.040039
0.051758
0.059082
0.050781
0.051270
0.045410
0.051758
0.060059
0.057617
0.065430
0.054688
0.053711
0.065430
0.068359
0.065430
0.070801
0.070801
0.060059
0.065918
0.068848
0.071777
0.065918
0.071289
0.074219
0.064941
0.071289
0.063965
0.064941
0.070312
0.062500
0.067383
0.064941
0.059570
0.057617
0.056641
0.063477
0.066895
0.057617
0.047852
0.054199
0.053223
0.059570
0.056152
0.043457
0.052734
0.057129
0.053223
0.057129
0.049316
0.048828
0.049316
0.042969
0.044434
0.047852
0.050781
0.048340
0.042480
0.038086
0.042969
0.030762
0.070312
0.071289
0.067871
0.070312
0.067871
0.027344
0.068848
0.029785
0.068359
0.032715
0.032715
0.017090
0.024902
0.029785
0.023438
0.033691
0.018555
0.024902
0.025391
0.019531
0.024902
0.063965
0.060059
0.010254
0.062988
0.061523
0.050781
0.022461
0.048340
0.047363
0.045898
0.041504
0.042480
0.039551
0.041016
0.038574
0.039062
0.038574
0.036621
0.036621
0.035645
0.030273
0.032227
0.029785
0.019043
0.027832
0.026367
0.024902
-0.016602
0.008789
0.009766
0.007324
0.006836
-0.030762
-0.039062
-0.029297
-0.030762
-0.030762
-0.039062
-0.031250
-0.029785
-0.018066
-0.019531
-0.012207
-0.001465
0.009766
0.020508
0.033203
0.061523
0.069824
0.082031
0.095215
0.119141
0.135742
0.157227
0.173828
0.202637
0.224121
0.235840
0.245605
0.250000
0.263184
0.269531
0.270508
0.270508
0.267578
0.267090
0.270508
0.270996
0.269043
0.264160
0.267090
0.273926
0.264648
0.258301
0.250977
0.237305
0.218262
0.212891
0.212891
0.203613
0.193848
0.170410
0.156738
0.147461
0.134277
0.127441
0.118652
0.104492
0.081543
0.075684
0.066406
0.062500
0.061523
0.061523
0.038574
0.030273
0.025879
0.014648
0.013672
0.004395
0.005859
0.003418
0.038086
0.040527
0.042480
0.002930
0.000977
-0.004883
0.000977
-0.001953
-0.009766
-0.018066
-0.014160
-0.025391
-0.015625
-0.015137
-0.016602
-0.016602
-0.015625
-0.024902
-0.020508
0.007812
-0.020996
0.012695
0.039062
0.029785
0.007812
0.050293
0.029785
0.041016
0.049316
0.061035
0.070801
0.080566
0.114746
0.127441
0.132324
0.147949
0.153809
0.163086
0.172852
0.178223
0.133789
0.192383
0.156738
0.153320
0.158203
0.161621
0.146484
0.164062
0.155762
0.156250
0.152344
0.152344
0.150391
0.134766
0.144043
0.139648
0.135254
0.126465
0.127930
0.126465
0.116211
0.119629
0.108398
0.112305
0.100586
0.107910
0.103516
0.097168
0.086426
0.089355
0.072754
0.075195
0.077637
0.071289
0.068359
0.065430
0.059082
0.061035
0.057617
0.047852
0.047363
0.037598
0.040527
0.030762
0.034180
0.031250
0.017090
0.024902
0.015625
0.014648
0.017090
0.012207
0.009766
0.000000
0.011230
0.000488
-0.007812
-0.007324
-0.018066
-0.003418
-0.013184
-0.024414
-0.022461
-0.020020
-0.014648
-0.003418
-0.010254
0.028320
0.038574
0.039062
0.041992
0.023438
0.022949
0.071289
0.042969
0.057617
0.070312
0.076660
0.095703
0.109375
0.119629
0.124512
0.132324
0.148438
0.149414
0.152344
0.159180
0.173340
0.192871
0.165527
0.173828
0.171387
0.157715
0.172363
0.169922
0.166504
0.197266
0.168945
0.153320
0.189453
0.188965
0.188477
0.176270
0.136719
0.137695
0.126953
0.125488
0.125000
0.097168
0.113770
0.104004
0.087402
0.087402
0.114746
0.101074
0.062988
0.086426
0.052246
0.078125
0.066406
0.069336
0.028809
0.064453
-0.009766
0.012695
0.023926
0.044922
0.045898
0.043457
0.041992
0.030762
0.029785
-0.009766
-0.016602
-0.017578
-0.020996
-0.023438
-0.023438
0.011719
0.010254
0.010742
-0.022461
-0.016602
-0.012207
-0.008301
-0.000488
0.004883
0.016602
0.023926
0.037109
0.046875
0.064941
0.095215
0.102539
0.117188
0.135254
0.154297
0.167480
0.182129
0.192383
0.204590
0.213379
0.225098
0.233887
0.239746
0.243164
0.246582
0.252441
0.250000
0.256836
0.257812
0.251953
0.246582
0.242188
0.241211
0.242188
0.242188
0.245117
0.245117
0.238770
0.234863
0.231445
0.220703
0.220703
0.202148
0.194824
0.213867
0.219238
0.217285
0.212402
0.222656
0.222656
0.224121
0.226562
0.223633
0.229492
0.230957
0.227051
0.231934
0.228027
0.228516
0.228027
0.198242
0.214844
0.215820
0.217773
0.208984
0.208008
0.208008
0.208984
0.217285
0.222168
0.230957
0.238770
0.243652
0.254883
0.243164
0.285156
0.318359
0.345215
0.350586
0.403809
0.420898
0.413574
0.453613
0.438477
0.465820
0.480469
0.476562
0.504395
0.516113
0.513184
0.537598
0.544434
0.539062
0.534180
0.564941
0.564941
0.563477
0.576660
0.566406
0.550781
0.535645
0.513672
0.524902
0.495605
0.494141
0.474121
0.445312
0.436523
0.418945
0.401367
0.387695
0.395020
0.382324
0.365234
0.354980
0.352539
0.351074
0.340332
0.335449
0.323242
0.326660
0.321777
0.312988
0.314941
0.358887
0.352051
0.299316
0.292969
0.343750
0.344238
0.338867
0.293457
0.336426
0.292969
0.334473
0.278809
0.330078
0.328125
0.327148
0.326172
0.326660
0.325195
0.321289
0.320801
0.320801
0.319336
0.317871
0.316406
0.315430
0.314453
0.312500
0.288574
0.290039
0.289551
0.291504
0.288574
0.287109
0.297363
0.287109
0.293457
0.275879
0.280273
0.281738
0.267578
0.275391
0.260742
0.272461
0.270020
0.269043
0.268555
0.265625
0.258301
0.259766
0.255859
0.253418
0.250488
0.247070
0.245605
0.243652
0.242676
0.238770
0.240234
0.242188
0.238281
0.234863
0.229492
0.220215
0.211914
0.208008
0.206055
0.196777
0.190918
0.186035
0.179688
0.168457
0.163086
0.144531
0.142090
0.129395
0.119629
0.110352
0.109863
0.098633
0.103027
0.099121
0.097656
0.099121
0.099609
0.094727
0.093262
0.089844
0.083496
0.084961
0.087402
0.087402
0.084473
0.080566
0.078613
0.081543
0.073242
0.074219
0.071777
0.067871
0.068848
0.062012
0.074707
0.074707
0.069336
0.067871
0.075195
0.066895
0.070312
0.069824
0.076660
0.078125
0.081055
0.080566
0.078613
0.080078
0.085938
0.076172
0.079590
0.089355
0.088379
0.087891
0.094238
0.088867
0.093750
0.086914
0.095215
0.088379
0.092285
0.089355
0.083984
0.090332
0.089844
0.088867
0.093262
0.090820
0.122070
0.121582
0.088379
0.120117
0.120605
0.121582
0.122070
0.092285
0.059570
0.117676
0.119629
0.124023
0.087402
0.121582
0.087891
0.091309
0.086426
0.118652
0.113770
0.119141
0.123047
0.082520
0.076660
0.080566
0.077637
0.081055
0.081543
0.074219
0.074707
0.065918
0.068359
0.062012
0.069824
0.068359
0.063477
0.064453
0.061035
0.041992
0.048828
0.054688
0.056152
0.050293
0.075684
0.050293
0.083984
0.084961
0.084473
0.073730
0.075195
0.037109
0.008301
0.069336
0.041992
0.035156
0.071777
0.036621
0.001953
0.069336
0.038574
0.069824
0.025879
0.069824
0.026855
0.069824
0.037109
0.066895
0.029785
0.071289
0.026367
0.066406
0.037598
0.028809
0.038086
0.065918
0.025879
0.058594
0.031738
0.062012
0.059570
0.057617
0.022949
0.060059
0.025879
0.019043
0.061523
0.019531
0.059570
0.014160
0.058105
0.021973
0.016602
0.020996
0.020020
0.019043
0.014160
0.053711
0.020996
0.056641
0.014648
0.015625
0.015625
0.010254
0.012207
0.017578
0.013184
0.011230
0.013672
0.000977
0.013672
0.010254
0.009766
0.003418
0.010742
0.008789
0.008789
0.007324
0.009766
0.005859
0.009766
0.008301
0.004395
0.011719
0.008789
0.004395
0.004883
0.010254
0.005371
0.010742
0.013672
0.005859
0.011719
0.011719
0.005859
0.012207
0.011719
0.007324
0.012207
0.011230
0.013184
0.014648
0.006348
0.013184
0.015137
0.007324
0.016113
0.014648
0.008301
0.015137
0.018555
0.016113
0.007812
0.017090
0.017090
0.019043
0.020508
0.021973
0.020020
0.026855
0.021484
0.024902
0.017578
0.020508
0.018555
0.014648
0.022461
0.021973
0.022949
0.024902
0.019531
0.018555
0.020996
0.024414
0.019043
0.016113
0.022461
0.019531
0.020508
0.020508
0.020996
0.017578
0.016602
0.019531
0.020508
0.015625
0.020996
0.022461
0.020508
0.018555
0.015137
0.022461
0.012695
0.017090
0.020508
0.016113
0.015625
0.017578
0.010742
0.011719
0.016113
0.045898
0.013672
0.048340
0.045410
0.015137
0.007324
0.019043
0.012207
0.011719
0.046875
0.015137
0.012695
0.011719
0.015137
0.016602
0.017578
0.049805
0.028320
0.022461
0.017578
0.015625
0.008301
0.026367
0.014648
0.016113
0.013672
0.007324
0.047363
0.012695
0.007812
0.057617
0.010254
0.020996
0.045898
0.044922
0.045410
0.041992
0.044434
0.005371
0.045410
0.007812
0.043457
0.008789
0.042969
0.012695
0.042480
0.042969
0.039551
0.040039
0.030273
0.039062
0.038086
0.021973
0.037598
0.034180
0.026855
0.014160
0.025879
0.022461
-0.016113
0.015137
-0.011719
0.006836
0.010742
0.004883
0.008789
0.004395
0.006836
0.011719
0.011230
0.000488
0.008789
-0.001465
-0.000488
-0.025879
0.000488
0.011230
0.011719
0.011230
0.011230
-0.022461
-0.008789
0.025879
-0.002441
-0.002930
0.042480
0.054199
0.018066
0.020020
0.066895
0.042969
0.077637
0.052734
0.059570
0.102051
0.122559
0.101562
0.140137
0.147949
0.132324
0.166504
0.101562
0.176270
0.144531
0.147461
0.180664
0.179688
0.192383
0.191895
0.197754
0.201172
0.175293
0.172363
0.170898
0.199707
0.172363
0.170898
0.191406
0.152344
0.155273
0.182617
0.145996
0.163086
0.133789
0.131836
0.126465
0.117676
0.116699
0.111816
0.104004
0.095703
0.088867
0.074707
0.072266
0.064941
0.062500
0.056641
0.041504
0.027832
0.025879
0.029785
0.021484
0.020996
0.017578
0.013672
0.005371
0.007324
0.002441
0.000488
-0.006836
-0.008301
-0.011230
-0.014160
-0.019531
-0.025391
-0.025391
-0.026855
-0.021973
-0.025391
-0.014160
-0.010254
-0.006836
0.007812
0.011719
0.044434
0.047852
0.053223
0.060547
0.074219
0.084473
0.098145
0.115234
0.137207
0.150879
0.167969
0.184570
0.198242
0.209473
0.212891
0.227539
0.238281
0.235352
0.240234
0.245117
0.242676
0.242188
0.240234
0.236328
0.235352
0.236328
0.231445
0.223633
0.216309
0.212891
0.204102
0.201172
0.192871
0.189941
0.180664
0.135742
0.126953
0.111816
0.112793
0.118164
0.110352
0.084961
0.092773
0.072754
0.067871
0.076172
0.066406
0.075195
0.073242
0.079102
0.066406
0.071777
0.067871
0.078125
0.077148
0.086914
0.081055
0.096680
0.109863
0.121582
0.134766
0.147949
0.148438
0.178223
0.168945
0.177246
0.169922
0.174805
0.175293
0.174805
0.173828
0.172363
0.164551
0.169922
0.168457
0.167480
0.159180
0.164551
0.170410
0.167480
0.173340
0.179688
0.189941
0.196289
0.214844
0.240234
0.259277
0.294922
0.333496
0.373535
0.405273
0.437012
0.462891
0.479980
0.510254
0.521484
0.531250
0.563477
0.562988
0.592773
0.609375
0.628418
0.627930
0.661621
0.711914
0.721191
0.672852
0.724121
0.713379
0.723633
0.708984
0.692383
0.664551
0.644531
0.608887
0.584961
0.552734
0.518555
0.495605
0.475586
0.458496
0.444336
0.416992
0.416504
0.405273
0.408203
0.393555
0.391113
0.377441
0.371094
0.361328
0.350586
0.341797
0.330078
0.323242
0.310547
0.310547
0.308594
0.302734
0.290039
0.296387
0.297363
0.290039
0.250488
0.285156
0.237793
0.234863
0.248535
0.245117
0.241699
0.245117
0.242188
0.208984
0.205566
0.193359
0.199707
0.193359
0.191895
0.179199
0.181152
0.209473
0.214844
0.208984
0.210938
0.213867
0.193359
0.198242
0.198730
0.200195
0.199707
0.201660
0.200684
0.205566
0.205566
0.206055
0.208496
0.210449
0.213867
0.214355
0.216309
0.211426
0.219238
0.227051
0.219727
0.213867
0.219238
0.218750
0.219727
0.224609
0.231934
0.226562
0.224121
0.227051
0.224121
0.229492
0.228516
0.225098
0.250488
0.222656
0.246582
0.244629
0.223145
0.211426
0.231934
0.229492
0.226562
0.199219
0.216797
0.186035
0.175781
0.173828
0.166992
0.162598
0.167480
0.165039
0.157715
0.156250
0.151367
0.145020
0.150391
0.137695
0.131836
0.128418
0.125000
0.128906
0.124512
0.117188
0.117188
0.107910
0.108887
0.111328
0.109863
0.104980
0.105957
0.106445
0.105957
0.097656
0.099609
0.099121
0.102051
0.103027
0.106445
0.098633
0.102051
0.104492
0.099609
0.102539
0.095703
0.091797
0.098633
0.099121
0.099609
0.096191
0.101074
0.103516
0.106934
0.114746
0.067383
0.113770
0.107422
0.115723
0.109863
0.109375
0.115723
0.110840
0.110352
0.068848
0.114258
0.114258
0.106445
0.111816
0.114258
0.114746
0.110840
0.104980
0.105957
0.060547
0.105469
0.101074
0.107422
0.104004
0.104980
0.103516
0.102539
0.099121
0.103027
0.097656
0.101562
0.101562
0.099609
0.101074
0.090332
0.098633
0.096680
0.089355
0.093262
0.090820
0.090820
0.088867
0.088867
0.089355
0.079590
0.078125
0.081055
0.031250
0.076172
0.064941
0.076172
0.065430
0.092773
0.062500
0.093262
0.055664
0.055176
0.056152
0.052246
0.052246
0.057129
0.054199
0.052246
0.053223
0.054199
0.050293
0.046387
0.038574
0.046387
0.044922
0.040527
0.042969
0.044434
0.038086
0.040039
0.042480
0.047363
0.039062
0.042480
0.039551
0.034668
0.041504
0.037598
0.039062
0.041504
0.041992
0.037598
0.036621
0.046875
0.039551
0.040039
0.040527
0.042480
0.040039
0.040527
0.038574
0.036621
0.047852
0.037598
0.044922
0.037598
0.034668
0.043457
0.049316
0.041016
0.041504
0.036621
0.037598
0.036133
0.041504
0.040527
0.034180
0.035156
0.043457
0.035645
0.042480
0.037109
0.036621
0.032715
0.042969
0.065430
0.034668
0.038086
0.033203
0.030273
0.061523
0.033203
0.033691
0.031738
0.032227
0.031738
0.030273
0.030762
0.055176
0.028809
0.052246
0.051270
0.022949
0.025879
0.044434
0.021484
0.028809
0.049316
0.023926
0.023926
0.024414
0.051270
0.023438
0.049805
0.022461
0.017578
0.017578
0.025391
0.020508
0.026855
0.019043
0.017090
0.016113
0.015137
0.019043
0.022461
0.019043
0.020996
0.013672
0.017090
0.013184
0.016113
0.013672
0.014648
0.015625
0.015625
0.023926
0.017090
0.013184
0.013184
0.015137
0.015137
0.010254
0.019043
0.017578
0.017578
0.013672
0.018066
0.017578
0.015137
0.021484
0.016602
0.013672
0.012695
0.010254
0.018066
0.016602
0.013672
0.015625
0.017090
0.016113
0.015625
0.020508
0.011719
0.016602
0.016113
0.020508
0.012207
0.012695
0.008789
0.014160
0.007812
0.011719
0.007324
-0.000488
0.008301
0.010254
0.009766
0.009277
0.011719
0.009277
0.011719
0.001465
0.009766
0.001953
0.011230
0.003418
0.010254
0.010742
0.010742
0.032715
0.011719
0.011230
0.012695
0.013184
0.009277
0.015137
0.007812
0.014160
0.007812
0.012207
0.003418
0.001465
0.003418
0.008301
0.008789
0.000977
0.008301
0.014160
0.006836
0.015625
0.014160
0.024902
0.030762
0.032227
0.041016
0.048828
0.058105
0.074219
0.081543
0.094727
0.102051
0.112305
0.119141
0.137695
0.151367
0.159180
0.173828
0.199707
0.212402
0.227539
0.239258
0.254395
0.275879
0.299316
0.322754
0.356445
0.388184
0.409668
0.427734
0.424805
0.417969
0.422852
0.428223
0.453613
0.470215
0.490234
0.511230
0.592285
0.628906
0.680176
0.703613
0.733398
0.741211
0.754883
0.753906
0.757324
0.747070
0.747559
0.762695
0.761719
0.777832
0.759277
0.774902
0.774902
0.746094
0.656250
0.651367
0.587891
0.283691
0.187500
0.132324
0.100098
0.090332
0.085938
0.099121
0.127441
0.125977
0.159668
0.200195
0.225586
0.266113
0.266113
0.317383
0.370605
0.464844
0.464844
0.464844
0.464844
0.464844
0.464844
0.464844
0.464844
0.464844
0.464844
0.464844
0.464844
0.464844
0.464844
0.429199
0.423828
0.417969
0.413086
0.398926
0.400391
0.378418
0.396484
0.352051
0.354004
0.346680
0.337891
0.330078
0.276367
0.266113
0.248535
0.256836
0.237305
0.238281
0.234375
0.234863
0.268066
0.261230
0.261719
0.255371
0.255371
0.253418
0.256348
0.252441
0.253418
0.245117
0.252930
0.248047
0.224121
0.245117
0.249512
0.233398
0.251465
0.233398
0.231445
0.233887
0.230469
0.228516
0.228516
0.227539
0.225586
0.222656
0.222168
0.224121
0.224609
0.221191
0.219238
0.215820
0.211914
0.207031
0.204102
0.197754
0.195312
0.193359
0.195801
0.215332
0.212891
0.209473
0.171387
0.195801
0.188477
0.191895
0.161133
0.187988
0.156738
0.174316
0.142090
0.128906
0.129883
0.154297
0.158691
0.130859
0.124512
0.156738
0.120117
0.145996
0.111816
0.140137
0.108887
0.138184
0.111816
0.138672
0.134766
0.103516
0.133301
0.133789
0.135254
0.101562
0.136230
0.104004
0.126465
0.126953
0.125000
0.095703
0.098145
0.095215
0.095215
0.092285
0.092773
0.100098
0.091797
0.097656
0.091309
0.129395
0.091797
0.091309
0.090332
0.128906
0.097168
0.129395
0.097168
0.131836
0.101562
0.135742
0.112793
0.099121
0.105957
0.105957
0.107910
0.103516
0.100586
0.103516
0.097168
0.103516
0.107422
0.132324
0.099609
0.130371
0.131836
0.100098
0.096680
0.117676
0.121094
0.119141
0.117676
0.092773
0.113770
0.116699
0.108398
0.107910
0.106934
0.109375
0.109863
0.108887
0.084473
0.102539
0.073730
0.075684
0.104492
0.077637
0.075684
0.066406
0.066406
0.066895
0.062012
0.063477
0.060059
0.067383
0.061523
0.060547
0.057617
0.056641
0.058594
0.060059
0.057129
0.057129
0.065918
0.058105
0.056152
0.058594
0.051270
0.064453
0.052246
0.053711
0.054688
0.055176
0.052246
0.057129
0.062500
0.056152
0.061035
0.052734
0.056641
0.052246
0.055664
0.051758
0.050293
0.051270
0.054688
0.048828
0.048828
0.047363
0.044922
0.051270
0.044922
0.046387
0.050293
0.049805
0.049316
0.048828
0.046875
0.055176
0.047852
0.054688
0.045410
0.047852
0.054199
0.044922
0.049316
0.048340
0.046387
0.052734
0.046875
0.043945
0.049805
0.043945
0.036621
0.037109
0.038574
0.039551
0.040039
0.040527
0.043457
0.034180
0.040039
0.038574
0.038574
0.031250
0.036621
0.028809
0.032715
0.032227
0.034180
0.032715
0.033203
0.031250
0.030273
0.021484
0.027832
0.028320
0.020508
0.017578
0.015625
0.020020
0.013672
0.021484
0.016113
0.012207
0.015625
0.004395
0.013184
0.013184
0.009277
0.007812
0.009766
0.009766
0.000977
0.008789
0.006836
0.008789
0.008301
0.001465
-0.004883
0.002441
-0.003418
-0.003418
0.000977
-0.000488
0.003906
0.000000
-0.001465
0.002441
-0.000977
0.002441
0.021484
0.018555
0.031738
0.060059
0.063477
0.074707
0.075684
0.092773
0.104004
0.115723
0.125488
0.149414
0.151855
0.157715
0.161621
0.165527
0.167480
0.163086
0.162598
0.168457
0.166504
0.172852
0.169434
0.164551
0.163574
0.160645
0.159668
0.160156
0.156250
0.149902
0.148438
0.141602
0.135254
0.127930
0.124023
0.092285
0.083496
0.079102
0.077637
0.068848
0.064941
0.061035
0.056152
0.042480
0.041992
0.044434
0.032715
0.029785
0.019531
0.019043
0.011719
0.013672
0.002930
0.007812
0.004395
0.001465
-0.001953
-0.005371
-0.017090
-0.007812
0.020020
-0.020996
-0.019043
-0.018066
0.017090
-0.014648
-0.014648
-0.001953
-0.001465
0.015625
0.051758
0.057129
0.062500
0.065430
0.078613
0.089355
0.111328
0.132324
0.154785
0.170898
0.187012
0.208496
0.212891
0.223633
0.223633
0.226074
0.232910
0.235352
0.235840
0.237305
0.234375
0.240234
0.243652
0.240234
0.236328
0.241699
0.235840
0.224121
0.225586
0.221680
0.212891
0.203125
0.193848
0.181641
0.175781
0.166016
0.157715
0.149902
0.137207
0.128906
0.117188
0.111816
0.105469
0.102051
0.069336
0.062500
0.056152
0.054199
0.051270
0.044434
0.065918
0.026367
0.057617
0.048828
0.035645
0.035645
0.032715
0.024414
0.036133
0.020508
0.021973
0.007324
0.020020
-0.000977
0.011719
-0.009766
-0.003906
-0.013184
-0.009277
-0.024414
-0.027344
-0.069824
-0.033203
-0.069336
-0.061523
-0.055664
-0.057617
-0.047852
-0.047363
-0.037598
-0.026855
-0.015625
0.012695
0.017090
0.021484
0.019043
0.030762
0.046387
0.061035
0.082031
0.110352
0.135742
0.158203
0.174316
0.191895
0.191895
0.216309
0.239258
0.250488
0.258301
0.268066
0.274902
0.273926
0.279785
0.283691
0.290039
0.286621
0.283203
0.280762
0.263184
0.261719
0.259766
0.251953
0.245605
0.239258
0.225586
0.212891
0.198730
0.183594
0.172363
0.157715
0.137207
0.124023
0.112305
0.097168
0.080566
0.067871
0.057617
0.052734
0.041992
0.041992
0.036133
0.034668
0.032715
0.034180
0.007324
0.000488
-0.007324
-0.009766
-0.016602
-0.020996
-0.021973
-0.028320
-0.030273
-0.038574
-0.038574
-0.038574
-0.038574
-0.038086
-0.038574
-0.039062
-0.038086
-0.029297
-0.025391
-0.013184
-0.010742
0.003418
0.001953
0.034180
0.039062
0.043945
0.047852
0.068359
0.121094
0.141602
0.166016
0.193359
0.205078
0.222168
0.236328
0.244629
0.253906
0.259277
0.263184
0.256348
0.252930
0.253906
0.255371
0.253906
0.248535
0.243164
0.239746
0.236816
0.234863
0.229492
0.221680
0.212891
0.204590
0.194336
0.182617
0.174805
0.163086
0.154297
0.148926
0.133789
0.122070
0.108887
0.096680
0.087402
0.080078
0.072266
0.065918
0.069336
0.056152
0.051270
0.050781
0.022461
0.017090
0.013672
0.003906
0.001953
-0.007812
-0.008789
-0.013184
-0.017090
-0.019531
-0.020020
-0.030273
-0.037598
-0.027344
-0.027344
-0.019043
-0.012695
-0.016113
-0.003906
0.031250
0.028809
0.026855
0.037598
0.038574
0.053711
0.066895
0.088379
0.110352
0.135254
0.157227
0.175293
0.183594
0.190918
0.200684
0.210449
0.217773
0.226562
0.233398
0.241211
0.246582
0.251953
0.249512
0.244629
0.240234
0.242188
0.241699
0.242188
0.238770
0.232910
0.228027
0.217773
0.212891
0.209473
0.206543
0.204590
0.191406
0.187012
0.184082
0.174805
0.166016
0.164062
0.166016
0.166992
0.165527
0.165527
0.163574
0.166016
0.164551
0.180176
0.180176
0.187012
0.195801
0.195801
0.187500
0.191406
0.188477
0.185547
0.179199
0.199707
0.199219
0.196289
0.190918
0.185059
0.183594
0.175293
0.166016
0.171387
0.162598
0.161133
0.159180
0.150391
0.147461
0.146484
0.150879
0.148926
0.158203
0.161621
0.162598
0.176270
0.189453
0.217773
0.233887
0.259277
0.289062
0.296387
0.336914
0.370605
0.398926
0.426270
0.457031
0.486328
0.513184
0.545410
0.560547
0.589355
0.599609
0.632324
0.637207
0.675293
0.679199
0.704590
0.753906
0.766113
0.774414
0.779785
0.781250
0.813477
0.805664
0.802246
0.795898
0.786621
0.749512
0.718262
0.682129
0.637695
0.591797
0.553711
0.516113
0.494629
0.464844
0.464844
0.439941
0.434570
0.422852
0.412109
0.392090
0.377930
0.359863
0.339844
0.325195
0.311523
0.291992
0.293945
0.284180
0.283203
0.261719
0.247070
0.272461
0.268555
0.273438
0.267578
0.261719
0.265137
0.260254
0.254883
0.263672
0.267090
0.263672
0.265137
0.266113
0.267090
0.266602
0.264160
0.265137
0.269043
0.230469
0.223633
0.217285
0.233887
0.231445
0.234375
0.194824
0.195312
0.177734
0.176270
0.170410
0.158203
0.161133
0.153809
0.159180
0.157227
0.151367
0.151855
0.149902
0.177246
0.168945
0.170898
0.169922
0.168945
0.171875
0.166504
0.138672
0.165527
0.165039
0.132324
0.163086
0.133301
0.156250
0.159180
0.157715
0.157715
0.161133
0.158203
0.162598
0.157227
0.126953
0.155762
0.162109
0.151855
0.158203
0.151855
0.157715
0.162598
0.159180
0.156738
0.160645
0.119629
0.160645
0.120605
0.155273
0.121582
0.151855
0.126465
0.150879
0.154785
0.149902
0.153320
0.154785
0.156250
0.156250
0.146973
0.149902
0.148438
0.151367
0.146973
0.152344
0.151367
0.153809
0.148438
0.147461
0.143066
0.141113
0.136719
0.136230
0.135742
0.139160
0.131836
0.131836
0.097168
0.125488
0.125488
0.129395
0.121582
0.126953
0.121094
0.125488
0.123535
0.116699
0.124512
0.118164
0.108887
0.117188
0.115723
0.115234
0.103027
0.120117
0.100586
0.121094
0.107910
0.104004
0.099121
0.102051
0.098633
0.100098
0.099121
0.101562
0.104980
0.091309
0.096680
0.090820
0.103516
0.100098
0.107422
0.066406
0.100098
0.094727
0.063965
0.083496
0.061523
0.101562
0.064453
0.060547
0.060059
0.064941
0.049805
0.055664
0.064453
0.057617
0.050781
0.064453
0.055664
0.057129
0.061523
0.054199
0.046387
0.060059
0.053223
0.048828
0.050781
0.088379
0.053223
0.052246
0.053711
0.041504
0.052734
0.086426
0.083984
0.080078
0.083496
0.082520
0.073242
0.079590
0.078613
0.071289
0.030273
0.069824
0.050781
0.062012
0.073242
0.060059
0.062988
0.059082
0.062500
0.059082
0.062012
0.049805
0.059082
0.047852
0.048340
0.048340
0.047363
0.047363
0.044922
0.044922
0.047363
0.029297
0.047363
0.041016
0.040527
0.039551
0.040039
0.028320
0.027344
0.037598
0.026855
0.037109
0.020020
0.026367
0.018555
0.023926
0.018555
0.022949
0.017578
0.021484
0.016113
0.018555
0.014648
0.018066
0.014160
0.015625
0.005371
0.014648
0.014160
0.008301
0.005859
0.008301
0.014648
-0.031738
0.006836
0.008789
0.006836
0.010742
0.006348
0.010254
0.006836
-0.031738
0.007324
0.000000
-0.031738
0.016113
-0.024902
0.015625
0.017578
-0.023438
0.017578
0.019531
-0.009277
0.025879
-0.000977
0.008301
0.011719
0.027832
0.035156
0.044922
0.045898
0.060547
0.071777
0.091797
0.093750
0.115234
0.129883
0.139160
0.149414
0.161621
0.165039
0.172852
0.175293
0.180176
0.172363
0.179199
0.183105
0.183105
0.184082
0.182617
0.183594
0.184082
0.179688
0.174805
0.185059
0.179199
0.177246
0.166992
0.164062
0.167480
0.159668
0.149414
0.149414
0.137695
0.138184
0.125977
0.122559
0.106445
0.108887
0.105469
0.097656
0.085449
0.071289
0.063965
0.061523
0.060059
0.061523
0.052734
0.048828
0.043945
0.037109
0.035645
0.062988
0.021973
0.044922
0.046387
0.043457
0.043945
0.042969
0.041992
0.031738
0.040527
0.029297
0.027344
-0.011719
0.015625
0.024414
-0.009277
-0.019043
-0.020020
-0.026367
-0.029785
-0.030273
-0.025391
-0.030273
-0.028320
0.011230
0.016602
0.019043
-0.012695
0.033203
0.006836
0.008789
0.020996
0.031738
0.038086
0.042480
0.060547
0.057617
0.071289
0.077148
0.082031
0.099609
0.104492
0.104980
0.144043
0.151367
0.157227
0.122070
0.120117
0.126465
0.131348
0.134766
0.132324
0.127441
0.140625
0.130859
0.127441
0.125488
0.127441
0.131348
0.120605
0.122070
0.118164
0.115234
0.108887
0.091309
0.104492
0.089844
0.096191
0.092773
0.094238
0.098145
0.089355
0.082031
0.078125
0.086914
0.079102
0.076172
0.070801
0.063965
0.076172
0.068848
0.062500
0.062500
0.068359
0.064941
0.079102
0.082031
0.079102
0.083496
0.092773
0.085449
0.107910
0.113281
0.103027
0.118164
0.134766
0.146973
0.154785
0.145020
0.149414
0.182129
0.147461
0.157715
0.164551
0.163574
0.169434
0.173828
0.185059
0.186035
0.197266
0.204102
0.213379
0.230469
0.250000
0.287109
0.306641
0.319336
0.326660
0.327148
0.330078
0.339355
0.347168
0.383789
0.403320
0.420898
0.436523
0.457031
0.476074
0.497559
0.504883
0.536133
0.558594
0.568848
0.595215
0.622559
0.633789
0.643066
0.674805
0.686035
0.697754
0.749512
0.752441
0.755371
0.760254
0.764160
0.764160
0.763184
0.753418
0.750000
0.716309
0.673340
0.634766
0.588867
0.550781
0.518066
0.494629
0.464844
0.440918
0.435547
0.436523
0.428223
0.416016
0.402344
0.384277
0.360352
0.344238
0.312988
0.291504
0.279785
0.282227
0.281738
0.283691
0.298340
0.289551
0.281250
0.266602
0.268066
0.269531
0.268066
0.261230
0.255859
0.252441
0.251953
0.256348
0.255371
0.251953
0.244629
0.254395
0.250000
0.253906
0.254883
0.260254
0.238281
0.239258
0.227051
0.232910
0.240723
0.234375
0.234375
0.230957
0.191895
0.192383
0.184082
0.176270
0.177246
0.165527
0.162598
0.155273
0.150879
0.144043
0.133789
0.128418
0.118164
0.149902
0.152344
0.146973
0.148438
0.144043
0.146973
0.147461
0.115723
0.146484
0.115723
0.115234
0.122070
0.115723
0.114746
0.113281
0.107910
0.118164
0.111816
0.112793
0.113281
0.111328
0.116699
0.117188
0.122559
0.119629
0.122070
0.116211
0.124512
0.126953
0.131348
0.131348
0.127930
0.138672
0.141113
0.136719
0.143066
0.142578
0.141602
0.141602
0.137695
0.147461
0.148438
0.148926
0.152832
0.148926
0.156250
0.160645
0.159180
0.161621
0.161621
0.149902
0.162109
0.158203
0.157227
0.157715
0.153809
0.162598
0.167969
0.164062
0.200195
0.201660
0.202637
0.200684
0.162109
0.194824
0.187500
0.187012
0.189453
0.187012
0.137207
0.180176
0.180176
0.177246
0.169922
0.156250
0.160156
0.147461
0.143555
0.142090
0.139648
0.134277
0.129395
0.126953
0.125000
0.125000
0.115723
0.115234
0.115723
0.071777
0.109863
0.101562
0.098633
0.090820
0.094727
0.091309
0.090332
0.051270
0.084961
0.044922
0.044434
0.078613
0.035156
0.071777
0.066406
0.039551
0.065430
0.033691
0.027344
0.069336
0.063477
0.068848
0.031738
0.070801
0.020508
0.068848
0.026855
0.071289
0.062988
0.064941
0.064941
0.022461
0.061523
0.063477
0.061035
0.062012
0.059570
0.029297
0.021484
0.028809
0.027832
0.024902
0.028809
0.029297
0.030273
0.029785
0.029297
0.032715
0.025391
0.024902
0.031250
0.025879
0.030762
0.030762
0.033691
0.031738
0.040039
0.038574
0.040527
0.036621
0.038086
0.043945
0.044922
0.044922
0.046387
0.041016
0.044434
0.048828
0.042480
0.047363
0.049805
0.052246
0.053223
0.050293
0.051758
0.050293
0.058105
0.050781
0.051758
0.053711
0.047852
0.051270
0.047852
0.049805
0.051270
0.055176
0.052734
0.058594
0.051270
0.052734
0.055664
0.050781
0.053223
0.057617
0.059570
0.049805
0.049316
0.062012
0.051758
0.054199
0.058594
0.059082
0.055664
0.061523
0.049805
0.055176
0.051270
0.049805
0.050293
0.046875
0.046875
0.043457
0.049805
0.046875
0.047363
0.048828
0.045898
0.046875
0.041504
0.045410
0.037109
0.039062
0.040039
0.037109
0.039551
0.033203
0.032227
0.037598
0.030762
0.037598
0.034180
0.033203
0.032715
0.030762
0.027832
0.026855
0.026855
0.024902
0.022461
0.023926
0.016602
0.022949
0.021973
0.020020
0.012207
0.005859
0.014648
0.012695
0.011230
0.004395
0.008789
0.010254
0.042969
0.005371
0.004395
0.032227
0.036133
0.037109
0.005371
0.035156
0.035645
0.035156
-0.001953
0.035645
0.000488
0.035156
-0.000488
0.035156
0.032227
0.034180
0.030762
0.023438
0.030273
0.022949
0.028809
-0.007812
0.029297
0.022461
0.028809
-0.009277
0.032227
-0.009277
0.041992
-0.001953
0.043945
0.039551
0.047363
0.009766
0.014160
0.059082
0.031250
0.063965
0.075684
0.074707
0.084961
0.094238
0.097168
0.105957
0.107422
0.109863
0.112305
0.084473
0.083008
0.082520
0.129883
0.096191
0.087891
0.095215
0.095215
0.098145
0.094238
0.138184
0.135254
0.134766
0.090332
0.086914
0.098145
0.119629
0.120605
0.124023
0.121094
0.117188
0.106934
0.107422
0.106445
0.104492
0.102051
0.098633
0.089844
0.089355
0.083984
0.092773
0.045898
0.090820
0.075195
0.079102
0.073242
0.041016
0.077148
0.066895
0.033203
0.064453
0.033691
0.062988
0.062988
0.049316
0.020996
0.054688
0.050293
0.041504
0.039551
0.037109
0.035645
0.032227
0.038086
0.029297
0.025879
0.024902
0.020508
0.021484
0.010254
0.009277
0.007812
0.002441
0.001465
0.000977
-0.039062
0.000977
-0.009766
-0.015625
-0.046875
-0.011230
-0.046875
-0.003906
-0.054199
-0.053711
-0.048828
-0.046875
-0.038574
-0.038574
-0.019531
-0.011719
-0.002441
0.005371
0.020996
0.033203
0.059082
0.068359
0.087402
0.104492
0.126953
0.154297
0.174805
0.194336
0.218750
0.235352
0.251465
0.271484
0.282227
0.294434
0.297363
0.298340
0.292969
0.295410
0.294434
0.296387
0.297363
0.295410
0.292969
0.292480
0.290039
0.291504
0.282227
0.279785
0.268066
0.255371
0.242676
0.237305
0.229004
0.212891
0.195312
0.170410
0.158691
0.131836
0.110840
0.102051
0.098145
0.089844
0.060059
0.072754
0.044922
0.032715
0.031250
0.020020
0.013184
0.013184
0.000977
0.039551
-0.007324
-0.002930
-0.004883
-0.003906
-0.008789
-0.014648
-0.021973
-0.011230
-0.027832
0.006836
-0.069336
-0.039062
-0.039062
-0.030762
-0.030762
-0.022949
-0.020508
-0.011230
0.003418
0.012207
0.030273
0.033203
0.046875
0.078125
0.089844
0.109863
0.127930
0.143555
0.163574
0.174316
0.188965
0.198730
0.206055
0.213379
0.220215
0.228516
0.237305
0.211914
0.248047
0.220703
0.208984
0.209473
0.228516
0.225098
0.220703
0.216797
0.213379
0.164551
0.206543
0.153320
0.182617
0.154785
0.106445
0.165039
0.134277
0.155273
0.119141
0.140137
0.105469
0.102539
0.097168
0.080078
0.084961
0.103516
0.070312
0.092773
0.052734
0.053711
0.037598
0.045410
0.036133
0.034668
0.024414
0.060547
0.025879
0.053223
0.051270
0.008789
0.008789
0.008301
0.041992
-0.007812
0.026367
-0.014160
0.022461
-0.014648
0.020020
-0.017578
0.014160
-0.030273
-0.031250
-0.029297
-0.031250
-0.022461
-0.014648
-0.010254
0.000488
0.010742
0.019531
0.032715
0.045410
0.051270
0.062988
0.108887
0.122559
0.130859
0.144531
0.153320
0.170410
0.182129
0.189453
0.201660
0.178223
0.212891
0.189453
0.223633
0.202148
0.197754
0.199707
0.190918
0.222168
0.220703
0.176758
0.215820
0.205566
0.165039
0.167969
0.160156
0.197266
0.192871
0.185059
0.183105
0.176270
0.161133
0.166504
0.158691
0.152344
0.150879
0.152832
0.153809
0.135742
0.127930
0.128418
0.123047
0.085449
0.127930
0.084473
0.130859
0.088379
0.129883
0.111328
0.119141
0.132812
0.126953
0.136719
0.134766
0.147949
0.157227
0.169434
0.178711
0.175781
0.182129
0.174805
0.173340
0.173828
0.172852
0.165527
0.171387
0.162109
0.163086
0.162109
0.161621
0.155273
0.159180
0.157227
0.150879
0.154297
0.159180
0.157715
0.156738
0.169922
0.172852
0.187988
0.195801
0.213867
0.235840
0.255859
0.292969
0.331055
0.362305
0.400879
0.439941
0.476562
0.501953
0.515625
0.539062
0.559082
0.585449
0.604004
0.629883
0.637695
0.652344
0.703613
0.708008
0.718262
0.721680
0.723633
0.726562
0.697754
0.674316
0.647949
0.614746
0.590820
0.559082
0.554688
0.512207
0.490234
0.470215
0.431641
0.430176
0.426270
0.418945
0.408691
0.406738
0.390625
0.379883
0.368652
0.356445
0.344238
0.330078
0.314941
0.302246
0.303711
0.294922
0.291504
0.281250
0.282715
0.277344
0.280762
0.282715
0.284180
0.278320
0.283691
0.277344
0.283203
0.282227
0.282715
0.280762
0.278320
0.250488
0.258789
0.267578
0.242676
0.247070
0.208008
0.211426
0.203125
0.203125
0.197754
0.183594
0.170898
0.181641
0.178223
0.174805
0.166016
0.170410
0.159180
0.171387
0.162109
0.153320
0.145508
0.150391
0.150391
0.147461
0.145020
0.149414
0.144043
0.146973
0.153809
0.146484
0.154785
0.153809
0.153809
0.157715
0.152832
0.150879
0.153320
0.159180
0.161621
0.156738
0.192383
0.150879
0.184082
0.153320
0.161133
0.193359
0.193848
0.191895
0.163574
0.190918
0.199219
0.196289
0.202148
0.194824
0.201660
0.193848
0.201660
0.194336
0.200684
0.199219
0.196777
0.194336
0.198730
0.192871
0.190918
0.157715
0.184082
0.151367
0.188965
0.160156
0.180664
0.178223
0.179688
0.175293
0.141602
0.171875
0.175781
0.170898
0.174805
0.164062
0.168945
0.166992
0.162598
0.157227
0.156738
0.152832
0.150391
0.147461
0.143555
0.139648
0.140625
0.139160
0.134766
0.133301
0.103516
0.128906
0.098633
0.127441
0.095215
0.091309
0.090820
0.118652
0.091309
0.109375
0.088379
0.114258
0.089844
0.119629
0.116699
0.111328
0.110840
0.106934
0.085449
0.112305
0.110840
0.107422
0.080078
0.107910
0.104004
0.105957
0.071777
0.072266
0.066406
0.071289
0.069336
0.073242
0.076660
0.071777
0.074707
0.062988
0.070801
0.103516
0.072754
0.074707
0.072754
0.072754
0.073242
0.073730
0.080566
0.072754
0.074219
0.072266
0.069336
0.071289
0.075195
0.071777
0.080566
0.073242
0.074707
0.073730
0.070801
0.073242
0.078125
0.072754
0.075195
0.080078
0.074707
0.075684
0.073730
0.079590
0.071777
0.083008
0.073730
0.073242
0.082031
0.071777
0.080566
0.083008
0.074219
0.079590
0.076172
0.081055
0.074219
0.081055
0.078613
0.077637
0.078613
0.076172
0.077148
0.070801
0.070801
0.070801
0.065918
0.070801
0.070801
0.063965
0.071289
0.058105
0.071777
0.070801
0.064941
0.068848
0.064453
0.057129
0.060059
0.055664
0.062988
0.048828
0.050293
0.051270
0.048828
0.048340
0.047363
0.049805
0.046387
0.053223
0.044434
0.049805
0.039062
0.040527
0.046875
0.045898
0.043945
0.040039
0.042480
0.040039
0.035156
0.035645
0.036133
0.033691
0.036621
0.041992
0.033203
0.034668
0.033203
0.026367
0.027344
0.031738
0.031738
0.032227
0.028320
0.029297
0.035645
0.030273
0.036133
0.021973
0.025879
0.028320
0.021973
0.024414
0.016113
0.017578
0.020020
0.021484
0.016113
0.020508
0.012207
0.016602
0.006348
0.011230
0.008789
0.011719
0.012207
0.003418
0.012207
0.005859
0.005371
0.010742
0.009766
0.006836
0.002441
0.001953
0.004395
-0.000977
-0.001465
-0.000488
-0.002441
-0.002930
-0.001953
-0.003906
0.000000
0.001953
0.007324
0.014160
0.017090
0.044434
0.054199
0.050293
0.054199
0.059082
0.071777
0.083984
0.097168
0.111816
0.127441
0.129883
0.143066
0.142090
0.163574
0.178711
0.182129
0.179688
0.186035
0.193359
0.194824
0.192383
0.191895
0.184570
0.178711
0.176758
0.172852
0.169922
0.160156
0.161133
0.160156
0.149414
0.140625
0.137207
0.131836
0.131836
0.116699
0.113770
0.103516
0.098633
0.098145
0.061035
0.085938
0.053711
0.073730
0.041016
0.039062
0.033691
0.027344
0.010742
0.013672
0.008301
0.003906
0.001465
-0.005371
-0.011230
-0.010742
-0.017090
-0.021973
-0.026855
-0.020996
-0.026367
-0.020508
-0.026855
-0.022949
-0.015625
-0.010254
-0.011719
0.022949
0.026855
0.027344
0.027344
0.034668
0.048828
0.058594
0.078613
0.099609
0.123535
0.156250
0.196777
0.217773
0.230469
0.229980
0.237793
0.239746
0.239746
0.245605
0.258301
0.255371
0.257812
0.258301
0.254395
0.250000
0.242676
0.239258
0.236816
0.228516
0.216797
0.209961
0.202148
0.192871
0.186035
0.178223
0.169922
0.166504
0.151855
0.141113
0.135742
0.123535
0.116211
0.108887
0.103516
0.091309
0.060547
0.057617
0.055176
0.054199
0.052246
0.048340
0.037598
0.045898
0.056152
0.055664
0.061035
0.068359
0.064453
0.070801
0.074219
0.079590
0.080566
0.097656
0.092285
0.108398
0.112793
0.124512
0.133301
0.146484
0.142090
0.141602
0.156738
0.158691
0.158691
0.164062
0.168457
0.166992
0.174316
0.180664
0.192871
0.199219
0.225586
0.242676
0.274902
0.305664
0.354980
0.397461
0.436523
0.470215
0.504395
0.537109
0.561523
0.579590
0.618164
0.627930
0.683594
0.701172
0.752930
0.785645
0.791992
0.792969
0.795410
0.795410
0.794434
0.792480
0.787109
0.786133
0.779297
0.757324
0.727051
0.708496
0.660156
0.631348
0.599609
0.564941
0.464844
0.464844
0.464844
0.464844
0.464844
0.464844
0.293945
0.206055
0.156738
0.147461
0.134277
0.153320
0.154785
0.138184
0.150391
0.189453
0.242676
0.239746
0.235840
0.232910
0.249512
0.260254
0.264160
0.267578
0.281738
0.291016
0.323242
0.341797
0.356934
0.379395
0.389160
0.395996
0.400879
0.406250
0.405273
0.401855
0.403320
0.403320
0.394043
0.390625
0.382324
0.379395
0.370117
0.368652
0.357910
0.357910
0.349121
0.369141
0.331055
0.329590
0.330566
0.323242
0.318359
