0.228027
0.229492
0.230957
0.229980
0.230469
0.231445
0.229004
0.229004
0.226562
0.226562
0.220703
0.244141
0.208008
0.197754
0.187500
0.182617
0.175293
0.167969
0.167480
0.186035
0.164551
0.143555
0.141602
0.131836
0.131836
0.121094
0.112305
0.111328
0.101562
0.067871
0.060547
0.058105
0.047363
0.048340
0.043457
0.035645
0.025879
0.030273
0.056152
0.024902
0.016602
0.010254
0.012695
0.013672
0.044922
-0.004883
0.034180
-0.005371
-0.007324
-0.016113
-0.013184
-0.016113
-0.022949
-0.020020
-0.017578
-0.021973
0.111816
0.130371
0.158691
0.195312
0.211426
0.237793
0.267578
0.296387
0.307129
0.317871
0.327148
0.333008
0.345215
0.351562
0.357422
0.359375
0.357422
0.358887
0.360352
0.357422
0.355957
0.339844
0.342773
0.331543
0.332520
0.319336
0.323242
0.307129
0.305176
0.300781
0.302246
0.297363
0.288086
0.277344
0.265625
0.254395
0.238770
0.219238
0.204590
0.193848
0.160156
0.129883
0.127930
0.105469
0.088867
0.068848
0.051758
0.037598
0.034180
0.034668
0.035645
0.025391
0.027832
0.003418
0.000977
-0.006348
-0.018555
-0.020508
-0.020508
-0.031250
-0.031738
-0.040039
-0.040039
-0.047363
-0.038574
-0.046875
-0.045898
-0.037109
-0.036621
-0.036621
-0.027344
0.005859
0.010742
0.016602
0.020508
0.027832
0.040527
0.046875
0.061523
0.087891
0.104492
0.109863
0.124023
0.147461
0.159180
0.167480
0.179199
0.187988
0.200195
0.215820
0.219238
0.222168
0.223633
0.223145
0.222168
0.223633
0.228516
0.227539
0.223633
0.215820
0.215820
0.211426
0.208496
0.204590
0.202148
0.190918
0.181152
0.170410
0.162109
0.162598
0.159180
0.152832
0.130371
0.118164
0.117676
0.107910
0.099609
0.097168
0.068359
0.059570
0.050781
0.047852
0.041992
0.044434
0.036621
0.029785
0.025879
0.024414
0.017578
0.014160
0.009766
0.004883
-0.000977
-0.003418
-0.004395
-0.014648
-0.022461
-0.016602
-0.017578
-0.017578
-0.020508
-0.021484
-0.017578
-0.007324
-0.008301
0.003418
0.013672
0.021973
0.056152
0.063477
0.070801
0.078125
0.091797
0.106934
0.116699
0.128906
0.143066
0.156738
0.167480
0.173828
0.181152
0.190430
0.195801
0.198730
0.199219
0.204590
0.208008
0.211914
0.208008
0.208008
0.210449
0.208008
0.204590
0.169922
0.168457
0.194336
0.187012
0.188477
0.183594
0.168457
0.169434
0.153809
0.140625
0.100586
0.127930
0.086426
0.078125
0.062012
0.062988
0.050781
0.048340
0.041016
0.070312
0.069824
0.030273
0.063477
0.020508
0.054199
0.041504
0.047852
0.037109
0.031250
0.023438
0.031738
0.032227
0.019043
0.020508
0.004883
0.017090
-0.002930
0.009277
-0.003906
0.001953
-0.006348
0.000000
0.000488
-0.014160
-0.002441
-0.007812
-0.023926
-0.014648
-0.020508
-0.011230
-0.010742
-0.040039
-0.021973
-0.010742
-0.001465
0.009766
0.031250
0.040039
0.068848
0.081055
0.098145
0.111816
0.130859
0.145020
0.163086
0.191406
0.208496
0.226074
0.236816
0.252930
0.259277
0.262695
0.276367
0.279785
0.285645
0.288574
0.287598
0.284668
0.281738
0.278809
0.274414
0.272949
0.274902
0.271484
0.268066
0.259766
0.249023
0.245117
0.237305
0.230957
0.223145
0.209961
0.197754
0.186035
0.175781
0.170410
0.199219
0.122070
0.154785
0.138184
0.134277
0.131348
0.107422
0.107910
0.096680
0.095703
0.085938
0.062012
0.055664
0.044434
0.040039
0.036133
0.033203
0.020996
0.018555
0.012207
0.000977
0.000000
-0.011719
-0.015625
-0.025391
-0.023926
-0.041016
-0.044434
-0.045410
-0.050293
-0.090820
-0.093750
-0.088867
-0.086914
-0.082520
-0.079590
-0.071289
-0.057617
-0.055176
-0.046875
-0.027344
-0.016602
0.022949
0.027344
0.037598
0.035645
0.050293
0.051270
0.070801
0.092773
0.119141
0.146484
0.168945
0.186035
0.216309
0.244629
0.262695
0.265137
0.279297
0.291504
0.304199
0.305176
0.305664
0.303223
0.301758
0.303223
0.291504
0.289551
0.279297
0.275879
0.292969
0.296387
0.302734
0.303223
0.302246
0.310547
0.318848
0.326172
0.334961
0.331543
0.330078
0.339844
0.354980
0.362793
0.363770
0.374023
0.383789
0.390625
0.377441
0.372070
0.373047
0.371582
0.365234
0.358398
0.357422
0.352539
0.350586
0.345215
0.337891
0.335938
0.327637
0.321289
0.319824
0.312500
0.302734
0.300781
0.300781
0.294922
0.307617
0.335449
0.351562
0.367188
0.390137
0.405762
0.416504
0.447754
0.466309
0.473145
0.499023
0.516602
0.533691
0.541992
0.566406
0.579590
0.576172
0.590332
0.605469
0.613281
0.610352
0.598633
0.592773
0.584961
0.571289
0.564941
0.590820
0.568359
0.550781
0.532715
0.511719
0.499023
0.443359
0.480469
0.435547
0.462402
0.411133
0.407715
0.390137
0.392578
0.379395
0.374512
0.367188
0.364746
0.351562
0.340820
0.341309
0.330566
0.328125
0.321289
0.316895
0.297363
0.308105
0.295410
0.284180
0.281738
0.282715
0.273438
0.277344
0.270996
0.269043
0.270508
0.263184
0.266602
0.262695
0.267090
0.262207
0.262695
0.263184
0.262207
0.266113
0.269531
0.270996
0.263184
0.268555
0.261719
0.269531
0.273438
0.272949
0.279785
0.272949
0.280762
0.273926
0.280762
0.279785
0.278809
0.276855
0.278320
0.277832
0.278809
0.274414
0.276855
0.274414
0.273926
0.270996
0.275879
0.270996
0.274414
0.271484
0.272461
0.265625
0.252441
0.222656
0.237793
0.233887
0.231934
0.226074
0.220703
0.215820
0.212891
0.205566
0.202148
0.164062
0.187988
0.182617
0.173828
0.139648
0.161621
0.155762
0.151855
0.143555
0.145020
0.132812
0.136719
0.129395
0.132812
0.124512
0.117676
0.113281
0.105469
0.101074
0.071289
0.072754
0.097656
0.091309
0.091797
0.061035
0.063477
0.065918
0.061523
0.056641
0.068359
0.059082
0.068359
0.065918
0.072266
0.064941
0.071777
0.072266
0.066895
0.072754
0.077148
0.076660
0.068359
0.082031
0.075195
0.084473
0.091797
0.092285
0.100586
0.100098
0.106934
0.100098
0.098145
0.103027
0.108887
0.111328
0.112305
0.112793
0.111328
0.145996
0.119141
0.112793
0.119141
0.119141
0.120605
0.128906
0.125977
0.123535
0.131348
0.124023
0.124512
0.128418
0.125000
0.128906
0.126465
0.123535
0.127930
0.127441
0.123047
0.119629
0.114258
0.118652
0.110352
0.112305
0.113770
0.107422
0.103027
0.106445
0.106445
0.101562
0.096680
0.090332
0.088867
0.089355
0.089355
0.087402
0.085449
0.080078
0.081055
0.072266
0.074707
0.067383
0.072266
0.072754
0.072754
0.067383
0.062012
0.062500
0.067871
0.062500
0.060547
0.053223
0.052246
0.059570
0.054688
0.057617
0.052734
0.046875
0.050293
0.044922
0.049805
0.052734
0.054199
0.046875
0.047363
0.037109
0.051270
0.046387
0.041016
0.030762
0.037109
0.034668
0.036621
0.031250
0.027832
0.026367
0.027832
0.026855
0.029297
0.025879
0.026367
0.029785
0.026367
0.023926
0.024414
0.027832
0.025391
0.029297
0.022949
0.018555
0.020996
0.019531
0.019531
0.025391
0.018066
0.018555
0.020020
0.018555
0.010742
0.015137
0.013672
0.013672
0.010254
0.014160
0.011230
0.015137
0.011719
0.017578
0.017090
0.014648
0.013184
0.011230
0.011719
0.010742
0.010254
0.003906
0.009766
0.011719
0.010742
0.006836
0.010254
0.007324
0.005371
0.007812
0.005859
0.006836
0.010254
0.006836
0.004883
0.007812
0.008301
0.007324
0.003418
0.009766
0.010742
0.012207
0.007812
0.002441
0.005371
0.004883
0.011230
0.007324
0.009766
0.011719
0.016113
0.014160
0.009766
0.015625
0.018555
0.016113
0.010254
0.017090
0.012207
0.017578
0.020020
0.018555
0.014648
0.016113
0.014648
0.016113
0.020508
0.018555
0.017090
0.011719
0.017578
0.012207
0.019531
0.019043
0.021484
0.019531
0.022461
0.019531
0.024414
0.022461
0.027832
0.031250
0.035645
0.044434
0.050781
0.059570
0.072754
0.076172
0.094238
0.109863
0.133301
0.191895
0.198242
0.207520
0.208008
0.218262
0.230957
0.244141
0.254395
0.265137
0.282715
0.305664
0.328125
0.345703
0.369629
0.391602
0.412598
0.416504
0.411621
0.415039
0.410645
0.403320
0.408203
0.407715
0.423828
0.431641
0.437500
0.458008
0.477051
0.491699
0.489746
0.518555
0.534180
0.574707
0.590820
0.619141
0.639160
0.691406
0.710449
0.722168
0.730469
0.748047
0.753906
0.752930
0.755371
0.739746
0.739746
0.721191
0.683105
0.666016
0.611328
0.594238
0.564453
0.517090
0.464844
0.464844
0.464844
0.464844
0.382812
0.343262
0.307617
0.271973
0.266113
0.257812
0.256836
0.244629
0.248047
0.251953
0.245117
0.250977
0.242676
0.254395
0.246582
0.257324
0.261230
0.243164
0.249512
0.297363
0.291016
0.272949
0.289551
0.297852
0.292969
0.311523
0.321777
0.327148
0.318359
0.327148
0.333984
0.337402
0.336914
0.339844
0.340820
0.341309
0.337891
0.340820
0.340332
0.338867
0.338867
0.333008
0.329590
0.322754
0.345215
0.346680
0.310547
0.301758
0.291504
0.290527
0.285156
0.275391
0.275391
0.259277
0.255371
0.247559
0.245605
0.221191
0.208984
0.200195
0.190430
0.187012
0.175293
0.166992
0.166504
0.139648
0.169922
0.139160
0.165527
0.161133
0.160156
0.155762
0.158203
0.153809
0.159180
0.131836
0.151367
0.160156
0.136230
0.132324
0.157715
0.133301
0.129395
0.135254
0.127930
0.130371
0.131348
0.127930
0.124023
0.126953
0.124023
0.131836
0.132812
0.163086
0.139648
0.161621
0.144531
0.137695
0.144531
0.144043
0.146973
0.145996
0.147461
0.148926
0.148926
0.150879
0.154297
0.145996
0.144043
0.143555
0.147461
0.144043
0.144531
0.145020
0.152344
0.146484
0.144531
0.145020
0.149414
0.148438
0.152344
0.143066
0.136719
0.134766
0.166992
0.133789
0.142090
0.130859
0.139648
0.127441
0.134277
0.120605
0.127930
0.118652
0.123535
0.130371
0.121582
0.112793
0.118164
0.111816
0.113770
0.111816
0.111816
0.116699
0.109375
0.110840
0.105957
0.110352
0.105469
0.098633
0.100098
0.099121
0.098145
0.102051
0.094238
0.098633
0.091309
0.087891
0.095215
0.087891
0.089355
0.085938
0.086426
0.084473
0.087891
0.080566
0.085938
0.078125
0.075684
0.070801
0.065430
0.074707
0.076660
0.074219
0.103516
0.071289
0.071777
0.066895
0.101562
0.069824
0.067871
0.066406
0.067871
0.063477
0.056152
0.062012
0.066895
0.061523
0.053223
0.056641
0.056641
0.056641
0.056641
0.060059
0.051758
0.053711
0.052246
0.052246
0.055664
0.050293
0.053711
0.054688
0.052246
0.042480
0.050781
0.044922
0.049316
0.054199
0.047363
0.048828
0.044434
0.049805
0.051758
0.044922
0.043457
0.046875
0.038086
0.045410
0.039062
0.045898
0.041016
0.046387
0.051270
0.046387
0.048828
0.044922
0.048340
0.043457
0.035156
0.041504
0.036621
0.041992
0.041016
0.040527
0.042969
0.040527
0.034180
0.040039
0.034668
0.038086
0.034668
0.036621
0.031738
0.035156
0.033203
0.034180
0.032227
0.034668
0.034668
0.034180
0.034668
0.032715
0.031250
0.032227
0.028320
0.031250
0.025879
0.028809
0.027344
0.030273
0.035645
0.030762
0.026855
0.030273
0.031738
0.029297
0.024414
0.029297
0.026367
0.028320
0.025879
0.027344
0.027832
0.026367
0.022949
0.021973
0.024902
0.021973
0.024414
0.025879
0.031250
0.026367
0.025391
0.026855
0.022949
0.026367
0.023926
0.028320
0.030762
0.029297
0.028809
0.028809
0.024902
0.028809
0.031250
0.029785
0.027344
0.028809
0.029297
0.027832
0.028320
0.027832
0.023926
0.027832
0.027832
0.027832
0.026367
0.029297
0.027832
0.029785
0.024902
0.030762
0.031738
0.032227
0.030762
0.033691
0.035645
0.033203
0.034668
0.034668
0.033203
0.035645
0.036133
0.036133
0.029785
0.038574
0.028809
0.076172
0.037598
0.080566
0.046875
0.091797
0.065430
0.101074
0.076172
0.084961
0.095703
0.106934
0.145508
0.161621
0.176270
0.196289
0.200684
0.202637
0.204590
0.212891
0.213379
0.221680
0.229492
0.235352
0.246094
0.250977
0.260254
0.270996
0.283691
0.294922
0.304199
0.321777
0.339355
0.354004
0.360352
0.374023
0.380859
0.379883
0.386719
0.403320
0.402832
0.430176
0.426270
0.463379
0.485352
0.505371
0.523438
0.547363
0.566895
0.575684
0.598633
0.623535
0.638672
0.687012
0.697266
0.703125
0.709473
0.711426
0.707520
0.702148
0.690430
0.668945
0.642578
0.608887
0.582520
0.552734
0.526855
0.502930
0.473633
0.464844
0.452637
0.420410
0.407227
0.402832
0.389160
0.383789
0.375000
0.367188
0.358398
0.346191
0.330078
0.327148
0.316895
0.302246
0.299316
0.290527
0.290527
0.289551
0.289551
0.284668
0.288086
0.287109
0.287598
0.285645
0.253418
0.254395
0.246582
0.268555
0.262695
0.256836
0.244629
0.261230
0.257324
0.251953
0.249023
0.248535
0.240234
0.236328
0.232422
0.226074
0.217285
0.210938
0.214355
0.207031
0.197266
0.187012
0.166992
0.185059
0.166016
0.189453
0.166016
0.189941
0.189941
0.192383
0.192383
0.200195
0.203613
0.207031
0.203125
0.208984
0.212402
0.214355
0.214355
0.215332
0.214844
0.214844
0.218750
0.215332
0.217773
0.208008
0.205078
0.199707
0.208008
0.213867
0.208984
0.204102
0.205566
0.200684
0.177246
0.198730
0.176758
0.197266
0.205078
0.195801
0.196777
0.199219
0.195801
0.202637
0.198242
0.201172
0.194336
0.190430
0.188965
0.188477
0.191406
0.191406
0.190918
0.188965
0.180664
0.191406
0.180664
0.186035
0.182617
0.183105
0.172363
0.175781
0.175293
0.165039
0.161133
0.156250
0.153809
0.153320
0.158203
0.155273
0.155762
0.150391
0.135742
0.145020
0.133301
0.142578
0.135742
0.140137
0.133789
0.128906
0.132812
0.133789
0.128906
0.125000
0.125488
0.126953
0.133301
0.121582
0.130859
0.123047
0.131836
0.121582
0.126465
0.119141
0.117188
0.117676
0.111816
0.115234
0.112793
0.116699
0.108887
0.112305
0.115723
0.112305
0.109863
0.122070
0.104492
0.110352
0.100098
0.111328
0.106934
0.108398
0.104004
0.102539
0.104004
0.104980
0.104492
0.102539
0.105957
0.107910
0.100098
0.098633
0.108398
0.099121
0.109375
0.099609
0.106934
0.093750
0.100586
0.104492
0.101074
0.105469
0.101562
0.105957
0.093262
0.100586
0.095703
0.094238
0.094238
0.092285
0.097168
0.085938
0.093750
0.086426
0.096191
0.057129
0.090820
0.051758
0.084473
0.084961
0.085938
0.083984
0.050781
0.049316
0.087402
0.050293
0.044922
0.046875
0.080566
0.051270
0.084473
0.049316
0.083984
0.080566
0.077148
0.081055
0.088867
0.082520
0.087891
0.081055
0.087891
0.043945
0.085449
0.041016
0.073730
0.040527
0.043457
0.036133
0.078613
0.036133
0.079102
0.036621
0.078125
0.041504
0.072754
0.041016
0.042480
0.037109
0.042969
0.044922
0.035645
0.038574
0.043945
0.040527
0.042480
0.042969
0.037598
0.041504
0.037109
0.042480
0.045410
0.041504
0.042480
0.037598
0.041504
0.039551
0.042969
0.041504
0.039551
0.036133
0.041504
0.037598
0.043457
0.039551
0.043457
0.045898
0.049805
0.041016
0.048828
0.045410
0.043945
0.046387
0.038086
0.043945
0.042480
0.045410
0.041992
0.046387
0.036621
0.042480
0.042480
0.044434
0.040527
0.044434
0.049316
0.042480
0.036621
0.041504
0.038086
0.042969
0.047363
0.041504
0.041992
0.036621
0.041016
0.041992
0.039551
0.037598
0.071777
0.040527
0.038574
0.036133
0.026367
0.036621
0.034668
0.038574
0.033691
0.071777
0.063477
0.062988
0.063477
0.065918
0.063965
0.065918
0.061523
0.067871
0.061035
0.063965
0.024414
0.030273
0.026367
0.027832
0.053711
0.025879
0.024414
0.057129
0.019043
0.057129
0.021973
0.051270
0.047363
0.049805
0.047363
0.050293
0.049805
0.049805
0.048828
0.049316
0.010254
0.049316
0.050781
0.050293
0.051270
0.054688
0.061035
0.063965
0.034668
0.076172
0.083984
0.104980
0.115723
0.127930
0.135254
0.147949
0.166016
0.177246
0.176270
0.185059
0.189453
0.187988
0.192871
0.202148
0.206055
0.218750
0.227539
0.240234
0.249023
0.261230
0.271973
0.286133
0.307617
0.328613
0.343750
0.359863
0.354980
0.357422
0.354492
0.351074
0.355957
0.366699
0.381348
0.399414
0.418945
0.415039
0.442871
0.462402
0.492188
0.516113
0.531738
0.553223
0.571777
0.598633
0.613770
0.640137
0.650879
0.677246
0.720215
0.729492
0.728516
0.731934
0.734375
0.737793
0.715820
0.688477
0.660645
0.653809
0.541992
0.528320
0.502930
0.464844
0.439453
0.438477
0.433594
0.427246
0.420410
0.410156
0.398438
0.391602
0.375488
0.350098
0.340332
0.332520
0.323242
0.301758
0.291992
0.291016
0.285156
0.280762
0.265137
0.278809
0.284180
0.292480
0.280273
0.281738
0.280762
0.280762
0.276367
0.289062
0.284668
0.276855
0.278320
0.284180
0.291016
0.290527
0.280762
0.287109
0.283203
0.291016
0.291504
0.266602
0.292480
0.263184
0.256836
0.261230
0.245605
0.256348
0.249023
0.255859
0.241211
0.251465
0.242676
0.237305
0.213867
0.208008
0.210449
0.204590
0.205078
0.196777
0.193359
0.199707
0.195312
0.203613
0.192871
0.197266
0.191895
0.191406
0.194824
0.195801
0.186523
0.189453
0.181152
0.180664
0.187012
0.179688
0.187988
0.180664
0.186035
0.176758
0.173828
0.167969
0.190430
0.170410
0.194336
0.168945
0.195801
0.165039
0.171387
0.161621
0.169434
0.153320
0.155762
0.150879
0.153809
0.149902
0.145996
0.144043
0.147949
0.154785
0.144043
0.152832
0.137695
0.136719
0.137207
0.138672
0.140625
0.144531
0.138184
0.172852
0.141113
0.138672
0.130371
0.162109
0.135254
0.138184
0.127930
0.126465
0.124512
0.123535
0.125000
0.153809
0.125000
0.147949
0.118164
0.147461
0.120605
0.142578
0.116699
0.112305
0.109863
0.114746
0.116699
0.116211
0.109375
0.104004
0.108887
0.102539
0.103027
0.137207
0.108398
0.136230
0.104004
0.105469
0.103027
0.134766
0.129883
0.102051
0.126465
0.122559
0.121582
0.117676
0.117188
0.109863
0.093262
0.112305
0.109863
0.105469
0.101074
0.097656
0.099609
0.100098
0.097168
0.073242
0.098633
0.068848
0.070312
0.070312
0.065430
0.067383
0.066406
0.062988
0.061523
0.062012
0.062500
0.066406
0.060059
0.063477
0.061523
0.051758
0.063477
0.088379
0.059570
0.053711
0.060059
0.062012
0.083984
0.058105
0.056152
0.055664
0.077637
0.079102
0.078125
0.076660
0.081543
0.082031
0.076172
0.071289
0.070801
0.068359
0.067871
0.065918
0.063477
0.066406
0.061035
0.058594
0.056152
0.058594
0.060547
0.053711
0.057129
0.058105
0.061523
0.052246
0.055664
0.053223
0.059082
0.059082
0.063965
0.067383
0.065430
0.069336
0.068359
0.073242
0.074219
0.079590
0.065430
0.060547
0.053711
0.060547
0.058594
0.061523
0.058594
0.044434
0.054199
0.053223
0.048828
0.048340
0.046875
0.044434
0.046387
0.041504
0.043457
0.041992
0.038086
0.039551
0.038086
0.037598
0.039062
0.035645
0.030762
0.038086
0.036621
0.034180
0.033203
0.032715
0.032715
0.028320
0.028809
0.028320
0.032227
0.026855
0.021973
0.028320
0.020020
0.063965
0.026855
0.024902
0.026367
0.062500
0.023926
0.021484
0.024414
0.025391
0.023438
0.022461
0.023438
0.051758
0.020020
0.051758
0.019043
0.052246
0.019043
0.057129
0.019531
0.056641
0.017090
0.047852
0.016113
0.047363
0.015137
0.055664
0.014648
0.001465
0.009766
0.047363
0.041504
0.040039
0.042969
0.000000
0.040527
0.000000
-0.002930
-0.000977
-0.002441
-0.002930
-0.003418
-0.011719
-0.003418
-0.004395
-0.000977
0.045898
0.003418
0.011230
0.021973
0.056641
0.035156
0.038574
0.055176
0.073730
0.101562
0.110840
0.118652
0.126465
0.147949
0.164062
0.174316
0.187012
0.200684
0.208984
0.220215
0.230957
0.240234
0.229980
0.229980
0.243164
0.249023
0.270020
0.270996
0.273438
0.281738
0.282715
0.292480
0.294922
0.305176
0.308594
0.310059
0.290039
0.307129
0.319336
0.302734
0.313965
0.318359
0.324219
0.333008
0.340332
0.340332
0.350586
0.353516
0.354004
0.356445
0.353516
0.356445
0.351074
0.343262
0.341309
0.343750
0.342773
0.338867
0.321777
0.309082
0.301270
0.294922
0.294434
0.296387
0.313477
0.321289
0.347656
0.354492
0.384766
0.407227
0.427734
0.453125
0.473145
0.484375
0.500977
0.530273
0.534180
0.555176
0.582031
0.593262
0.608887
0.616699
0.632812
0.675781
0.667969
0.664551
0.650879
0.637695
0.618652
0.595215
0.575684
0.547852
0.523926
0.506836
0.489258
0.474609
0.465820
0.450684
0.441406
0.425293
0.391113
0.389160
0.384766
0.377441
0.374512
0.362305
0.363770
0.362793
0.353516
0.348633
0.342285
0.336426
0.330566
0.325684
0.284668
0.286621
0.304688
0.270508
0.263672
0.262207
0.278809
0.278320
0.274414
0.271973
0.265625
0.268066
0.267578
0.270508
0.262207
0.266113
0.265137
0.262207
0.261230
0.259277
0.257324
0.256836
0.254883
0.249512
0.251953
0.240723
0.251465
0.248047
0.252441
0.256348
0.256348
0.257812
0.258301
0.256348
0.255371
0.253906
0.256836
0.266602
0.259277
0.264648
0.258789
0.262207
0.257324
0.268066
0.265625
0.267578
0.267578
0.266602
0.263672
0.250977
0.243164
0.245605
0.234863
0.240723
0.230469
0.233887
0.223145
0.225098
0.211914
0.207520
0.199707
0.192871
0.192871
0.187500
0.179688
0.173340
0.160645
0.159668
0.150391
0.147461
0.139648
0.141113
0.134277
0.129395
0.133301
0.115234
0.114258
0.110352
0.110352
0.106934
0.102539
0.101074
0.090820
0.100586
0.094238
0.102051
0.091797
0.099121
0.089355
0.085938
0.056152
0.085938
0.056641
0.094727
0.053711
0.090332
0.058594
0.091309
0.058594
0.089844
0.053223
0.092285
0.061523
0.061523
0.060059
0.064941
0.066895
0.069824
0.066406
0.090332
0.066406
0.098145
0.072754
0.104004
0.106445
0.113770
0.107910
0.121094
0.114258
0.119629
0.086914
0.117676
0.086914
0.091797
0.089355
0.088379
0.090820
0.083496
0.092773
0.094238
0.089844
0.097168
0.125000
0.093750
0.125977
0.095215
0.118164
0.091797
0.097656
0.095215
0.099121
0.091309
0.095215
0.088867
0.093750
0.086426
0.090332
0.091797
0.115723
0.087891
0.115723
0.086914
0.120117
0.092285
0.094727
0.091797
0.095703
0.090332
0.088867
0.088379
0.081543
0.086426
0.083496
0.086426
0.078125
0.081055
0.083984
0.082520
0.081055
0.082520
0.078613
0.079590
0.080078
0.084473
0.077637
0.081055
0.076660
0.073242
0.072754
0.069824
0.069336
0.062988
0.066406
0.067871
0.069824
0.063477
0.061523
0.061035
0.063965
0.058105
0.060547
0.059082
0.059570
0.048828
0.047363
0.047852
0.048340
0.050293
0.046387
0.040039
0.043945
0.042969
0.045410
0.042969
0.040527
0.043457
0.042480
0.041504
0.038086
0.038574
0.034668
0.035156
0.025391
0.031738
0.022461
0.026855
0.023926
0.026855
0.022949
0.019531
0.021973
0.027344
0.020996
0.025879
0.019531
0.020996
0.023926
0.020020
0.017578
0.019531
0.016602
0.019531
0.018555
0.019043
0.018066
0.014160
0.018555
0.011719
0.017578
0.012207
0.016113
0.017578
0.015625
0.015137
0.014648
0.014648
0.012695
0.016602
0.012207
0.011719
0.002441
0.010742
0.003906
0.010254
0.002930
0.004883
0.011230
0.008301
0.004883
0.010742
0.002441
0.006836
0.011719
0.007324
0.006348
-0.000977
0.002441
0.003906
0.004395
0.004395
0.003418
-0.004883
0.001953
0.002441
0.000000
0.007324
0.003906
0.000488
0.012695
0.013184
0.003418
0.015137
0.012695
0.019531
0.012695
0.024414
0.023438
0.030273
0.020996
0.035156
0.030273
0.040527
0.045898
0.049805
0.045898
0.053711
0.053223
0.063965
0.070312
0.075195
0.092285
0.094727
0.145020
0.116699
0.169922
0.173828
0.201172
0.209961
0.204102
0.208008
0.218750
0.235352
0.245605
0.252930
0.265137
0.276367
0.287109
0.292480
0.310547
0.324707
0.341309
0.355469
0.374023
0.396484
0.411133
0.425293
0.417969
0.415527
0.415039
0.407715
0.402344
0.396484
0.391602
0.406250
0.411621
0.436523
0.448730
0.464355
0.493164
0.519043
0.554199
0.588379
0.605957
0.646484
0.665527
0.679199
0.691406
0.722168
0.714844
0.722168
0.726562
0.722168
0.710449
0.691406
0.657227
0.644043
0.620605
0.583008
0.559570
0.522461
0.464844
0.464844
0.464844
0.464844
0.464844
0.398926
0.375977
0.339355
0.269043
0.268555
0.265625
0.254883
0.255859
0.238770
0.239258
0.243652
0.243652
0.236328
0.247070
0.253906
0.272461
0.263672
0.269531
0.284180
0.307617
0.327637
0.329590
0.338379
0.345215
0.352539
0.346191
0.358887
0.359375
0.361328
0.361816
0.362793
0.358887
0.355957
0.355957
0.352539
0.352539
0.348633
0.346680
0.340332
0.337891
0.333984
0.315430
0.318359
0.309082
0.306152
0.300781
0.283203
0.287598
0.280273
0.277832
0.271484
0.269531
0.262207
0.247559
0.243652
0.239746
0.238281
0.222656
0.212891
0.191406
0.193848
0.187988
0.163574
0.157715
0.185547
0.148926
0.178711
0.183594
0.179199
0.185547
0.179688
0.182129
0.146973
0.172363
0.170410
0.172363
0.167480
0.169922
0.145020
0.169922
0.147949
0.149902
0.139160
0.143066
0.141602
0.140137
0.158203
0.135254
0.128418
0.131348
0.153320
0.133789
0.123535
0.128418
0.151855
0.127930
0.161133
0.129395
0.160156
0.157227
0.158203
0.126465
0.162109
0.151855
0.151855
0.125000
0.154785
0.153320
0.151855
0.151367
0.149902
0.120605
0.148926
0.115234
0.145020
0.110840
0.111816
0.104492
0.136230
0.110840
0.098633
0.105469
0.100586
0.103516
0.095215
0.102051
0.102539
0.100098
0.092285
0.097656
0.094727
0.102539
0.098145
0.103516
0.102051
0.102051
0.097168
0.102051
0.096191
0.095703
0.101562
0.097168
0.096680
0.095703
0.094238
0.101562
0.106934
0.101074
0.098633
0.104004
0.127930
0.097168
0.125488
0.096680
0.123047
0.096191
0.097168
0.088867
0.121582
0.091309
0.096191
0.091309
0.091309
0.087402
0.092285
0.083496
0.083984
0.085938
0.080566
0.082031
0.083008
0.077148
0.078125
0.079102
0.118164
0.111328
0.109863
0.097656
0.107422
0.105957
0.107422
0.108398
0.103027
0.107910
0.109375
0.101074
0.104004
0.103027
0.103516
0.098145
0.099121
0.102051
0.096680
0.099121
0.083984
0.089355
0.087891
0.086426
0.088379
0.082520
0.086426
0.073730
0.081055
0.067383
0.068848
0.064453
0.071777
0.067383
0.063477
0.060059
0.063965
0.059082
0.058105
0.058594
0.047852
0.059082
0.058594
0.053711
0.061035
0.042969
0.048828
0.042480
0.041504
0.041504
0.038574
0.034180
0.036133
0.034668
0.034668
0.032227
0.020508
0.020020
0.036133
0.029297
0.034180
-0.015625
0.032715
-0.016602
0.031250
0.025391
0.012207
0.013184
0.011719
0.010742
0.019531
-0.016113
-0.024414
-0.020996
0.025879
-0.015625
0.023438
-0.010742
-0.003418
0.005371
0.007812
0.018555
0.028809
0.035645
0.047852
0.052246
0.091309
0.074219
0.115234
0.126465
0.131348
0.148438
0.159668
0.166016
0.178711
0.180664
0.197266
0.205566
0.205566
0.207031
0.212402
0.215820
0.215820
0.215820
0.212402
0.208496
0.212402
0.210938
0.203125
0.197266
0.194336
0.196289
0.193359
0.179199
0.169922
0.165527
0.158691
0.155762
0.149414
0.142578
0.137695
0.135254
0.127441
0.089355
0.107422
0.073242
0.074219
0.062012
0.053223
0.045410
0.045898
0.036621
0.026855
0.026855
0.025391
0.020996
0.023438
0.014160
0.012695
0.008301
0.003418
0.001953
-0.007324
0.000000
-0.008301
-0.013672
-0.018555
-0.017090
-0.019043
-0.016602
-0.020996
-0.017578
-0.019043
-0.009277
0.001953
0.001465
0.035156
0.041504
0.047363
0.049805
0.056641
0.072266
0.082031
0.098145
0.117676
0.121582
0.139160
0.149414
0.153809
0.181152
0.190918
0.195801
0.201172
0.216309
0.228516
0.227539
0.224609
0.227051
0.224609
0.225098
0.225098
0.216309
0.212891
0.209961
0.210449
0.209961
0.201660
0.196777
0.190918
0.187988
0.186523
0.178711
0.171875
0.168945
0.166992
0.166016
0.158691
0.163574
0.155273
0.151367
0.151855
0.162598
0.160156
0.168457
0.175293
0.163086
0.178223
0.185547
0.190430
0.182617
0.185059
0.183105
0.177246
0.176270
0.169434
0.167969
0.156738
0.172363
0.145996
0.166992
0.158691
0.159180
0.157715
0.151855
0.153809
0.139160
0.139648
0.137695
0.143555
0.151855
0.158691
0.168945
0.176758
0.188477
0.208984
0.221680
0.242188
0.270996
0.312012
0.355957
0.388184
0.419434
0.459473
0.485840
0.503418
0.515625
0.539062
0.567383
0.564941
0.597168
0.603516
0.632812
0.620117
0.649902
0.707031
0.708984
0.665039
0.719238
0.723145
0.711914
0.695312
0.689453
0.663574
0.635254
0.610840
0.576660
0.550781
0.517090
0.500488
0.479492
0.462891
0.447754
0.435547
0.406250
0.399414
0.393066
0.377930
0.378418
0.368652
0.363281
0.351562
0.337402
0.326660
0.320801
0.315918
0.311523
0.309570
0.305176
0.305664
0.303711
0.266113
0.270508
0.281250
0.268555
0.264160
0.258789
0.258789
0.256836
0.238770
0.246582
0.234863
0.229980
0.192383
0.227539
0.217285
0.214355
0.202148
0.206055
0.197754
0.202637
0.181152
0.180176
0.196289
0.190918
0.196777
0.195801
0.203125
0.207520
0.184570
0.211426
0.187012
0.208984
0.186035
0.208984
0.189453
0.210449
0.211426
0.208496
0.187988
0.213379
0.214844
0.217285
0.217285
0.221191
0.213867
0.219727
0.192383
0.215820
0.188477
0.208496
0.210938
0.210938
0.187012
0.210449
0.185547
0.208496
0.184570
0.208496
0.182617
0.208496
0.181152
0.197266
0.201172
0.197754
0.197266
0.195312
0.166504
0.197266
0.192383
0.185059
0.190430
0.184082
0.188477
0.181641
0.162109
0.159668
0.152832
0.156738
0.154785
0.150391
0.145996
0.147949
0.166016
0.143066
0.157227
0.133789
0.151855
0.131348
0.136230
0.133301
0.126465
0.127441
0.149902
0.123535
0.118164
0.122559
0.119141
0.122559
0.120605
0.119141
0.113281
0.119141
0.111328
0.113281
0.113770
0.117188
0.111816
0.114746
0.115234
0.116211
0.117188
0.113281
0.110840
0.113770
0.142578
0.111328
0.147461
0.113770
0.152344
0.140137
0.147949
0.139160
0.132812
0.136719
0.135254
0.139160
0.129395
0.132324
0.128418
0.133789
0.132324
0.135254
0.125977
0.132812
0.120605
0.126465
0.124023
0.124023
0.121582
0.121582
0.116211
0.121094
0.121094
0.113281
0.119629
0.103027
0.104980
0.099609
0.105469
0.102539
0.105469
0.101562
0.100098
0.095703
0.095703
0.097168
0.098633
0.096680
0.097656
0.080566
0.095703
0.082520
0.100586
0.092285
0.083496
0.088379
0.088379
0.087891
0.086914
0.085449
0.076172
0.082520
0.074707
0.077637
0.082520
0.078125
0.073730
0.076660
0.072266
0.075195
0.065430
0.072754
0.074707
0.070801
0.064941
0.074219
0.062988
0.070312
0.063477
0.066895
0.062012
0.066406
0.046875
0.049316
0.045898
0.047852
0.056641
0.047852
0.043945
0.046387
0.043945
0.046875
0.047852
0.035156
0.047363
0.047852
0.047363
0.046387
0.045410
0.045410
0.045410
0.042969
0.042969
0.033203
0.040527
0.040039
0.041016
0.037598
0.043457
0.024902
0.035645
-0.006348
0.038086
-0.007324
0.027832
0.029297
0.027344
-0.012695
0.029785
-0.007324
0.028809
-0.001953
0.000488
0.006836
0.013672
0.012695
0.063477
0.032227
0.071289
0.046875
0.055664
0.059570
0.063477
0.071289
0.083496
0.079102
0.084961
0.093262
0.096191
0.102539
0.111816
0.152832
0.124023
0.161133
0.127441
0.129395
0.136719
0.170898
0.146973
0.156250
0.156738
0.190918
0.186035
0.186035
0.182617
0.178223
0.172852
0.178711
0.177734
0.173828
0.168457
0.165527
0.160156
0.156250
0.148926
0.119629
0.135254
0.127930
0.097168
0.095703
0.082031
0.083496
0.073730
0.066406
0.056641
0.062500
0.051270
0.050781
0.041016
0.033203
0.031250
0.023926
0.021484
0.012207
0.012695
0.003418
0.010254
0.003906
0.003906
-0.007324
0.001953
-0.004883
-0.000977
-0.007324
-0.002930
-0.012695
-0.013184
-0.009277
-0.011719
-0.008789
-0.008301
-0.001953
0.012695
0.017090
0.031738
0.061523
0.066895
0.080566
0.082031
0.102539
0.106934
0.123535
0.142578
0.158203
0.181641
0.193359
0.203125
0.215820
0.231445
0.241699
0.246582
0.256836
0.261719
0.267578
0.269043
0.271484
0.269531
0.262695
0.257324
0.266113
0.271484
0.270020
0.261230
0.263672
0.260742
0.258789
0.233398
0.242676
0.241211
0.232422
0.224121
0.221680
0.223145
0.215332
0.211426
0.212402
0.213379
0.211426
0.207031
0.202148
0.200195
0.203613
0.196777
0.191895
0.192871
0.189453
0.184570
0.185547
0.186523
0.184082
0.181641
0.180664
0.175293
0.178711
0.176270
0.171875
0.173828
0.172363
0.171387
0.180176
0.188477
0.191895
0.193359
0.194336
0.201172
0.208496
0.215820
0.223633
0.238770
0.257324
0.278320
0.318848
0.352539
0.381348
0.412109
0.444336
0.460449
0.484863
0.493164
0.520996
0.522461
0.554199
0.559082
0.580566
0.602539
0.618164
0.626465
0.632812
0.655273
0.667480
0.712402
0.708984
0.700195
0.685059
0.672852
0.657715
0.631348
0.618652
0.592773
0.553711
0.526855
0.504395
0.480957
0.464355
0.449707
0.416016
0.411133
0.411621
0.411133
0.404785
0.399414
0.395020
0.390137
0.381348
0.373535
0.367676
0.355957
0.353027
0.347168
0.342285
0.342285
0.333008
0.331055
0.329102
0.325195
0.314453
0.309082
0.309082
0.303711
0.271484
0.267090
0.262695
0.262695
0.252441
0.225586
0.240723
0.238281
0.236816
0.225098
0.223145
0.221191
0.228516
0.221191
0.232422
0.226562
0.233887
0.224121
0.252930
0.229004
0.256836
0.230469
0.258301
0.259277
0.254883
0.258789
0.258789
0.259766
0.260254
0.255859
0.252930
0.242676
0.249023
0.252441
0.252930
0.252441
0.253418
0.250977
0.249512
0.246094
0.238281
0.239746
0.239746
0.232910
0.232422
0.225586
0.225098
0.219238
0.216309
0.207520
0.200684
0.188965
0.187500
0.170898
0.162598
0.153320
0.156250
0.153320
0.148926
0.145020
0.141602
0.144043
0.139160
0.140137
0.132812
0.125977
0.123535
0.125488
0.120605
0.114258
0.106445
0.108887
0.113770
0.113281
0.098633
0.087891
0.110840
0.084961
0.112793
0.086426
0.106934
0.111328
0.088379
0.106934
0.107910
0.087402
0.112793
0.086426
0.112305
0.108887
0.084473
0.113770
0.089844
0.116699
0.113770
0.090820
0.086426
0.089355
0.086914
0.095215
0.117676
0.098633
0.127441
0.099121
0.100586
0.096680
0.094727
0.094727
0.098145
0.101562
0.098633
0.123535
0.098633
0.100098
0.100098
0.098633
0.099609
0.096191
0.098633
0.094238
0.120605
0.096191
0.100098
0.099609
0.119629
0.091797
0.111328
0.089355
0.090820
0.090332
0.088867
0.089844
0.119629
0.088379
0.088867
0.086914
0.087891
0.084473
0.083496
0.083984
0.079102
0.075195
0.077148
0.078125
0.081055
0.073730
0.074707
0.071289
0.072266
0.072754
0.067383
0.061035
0.062988
0.058594
0.062012
0.061523
0.058594
0.058594
0.058105
0.054199
0.055664
0.062500
0.055664
0.065918
0.059082
0.061035
0.057129
0.055664
0.057617
0.058105
0.059082
0.055664
0.052246
0.053711
0.054199
0.051758
0.051758
0.051758
0.056152
0.050781
0.050781
0.049316
0.052734
0.044922
0.053711
0.046875
0.055176
0.052246
0.054199
0.047852
0.053711
0.080566
0.091309
0.090820
0.085449
0.085938
0.089355
0.078613
0.085449
0.080078
0.081543
0.072266
0.076172
0.066895
0.039551
0.033203
0.038574
0.036621
0.035156
0.032715
0.026855
0.031250
0.029297
0.030762
0.026367
0.027832
0.027344
0.025879
0.024902
0.023438
0.060059
0.022949
0.021973
0.020508
0.020996
0.053223
0.020508
0.020508
0.020508
0.061035
0.019043
0.061035
0.020020
0.015137
0.018066
0.020508
0.017578
0.050781
0.017090
0.046387
0.015137
0.013672
0.015137
0.013672
0.014648
0.004883
0.016113
0.014648
0.017090
0.018555
0.017090
0.012695
0.017090
0.010742
0.056152
0.012695
0.062988
0.015137
0.061035
0.021484
0.058105
0.015137
0.017578
0.020996
0.056152
0.020020
0.059570
0.019531
0.018066
0.019531
0.017578
0.018555
0.011719
0.016602
0.019043
0.011719
0.017090
0.051758
0.015137
0.011719
0.015625
0.011230
0.014648
0.020020
0.019531
0.020996
0.021484
0.022949
0.024902
0.031250
0.035156
0.037109
0.049805
0.062500
0.074707
0.086426
0.100586
0.117676
0.173828
0.177734
0.201660
0.195801
0.207031
0.218750
0.227051
0.238281
0.247070
0.256836
0.267090
0.287109
0.300781
0.319336
0.337402
0.355469
0.366211
0.391113
0.410645
0.409180
0.398926
0.396484
0.378906
0.377930
0.361816
0.348145
0.333008
0.320801
0.327148
0.313965
0.340820
0.370605
0.411133
0.457031
0.514160
0.548340
0.606445
0.699219
0.718750
0.756348
0.776855
0.781250
0.780273
0.788086
0.784180
0.778320
0.778809
0.768555
0.768066
0.748535
0.756836
0.770996
0.764160
0.726562
0.681152
0.593262
0.384766
0.171387
0.126465
0.110840
0.133789
0.116211
0.136230
0.180664
0.184570
0.189453
0.226074
0.282227
0.323730
0.368164
0.464844
0.464844
0.464844
0.464844
0.464844
0.464844
0.464844
0.464844
0.464844
0.464844
0.464844
0.464844
0.464844
0.464844
0.464844
0.438965
0.430176
0.417969
0.413574
0.400391
0.399414
0.389648
0.383789
0.375977
0.369629
0.365723
0.357422
0.339844
0.333008
0.327148
0.310059
0.283203
0.305664
0.297363
0.282715
0.279785
0.273438
0.256836
0.250977
0.242676
0.238281
0.231934
0.203613
0.188477
0.186523
0.175781
0.172363
0.155762
0.177246
0.151367
0.156250
0.161621
0.174805
0.152832
0.153809
0.147461
0.166504
0.145020
0.166992
0.145020
0.145508
0.143555
0.144043
0.143066
0.147949
0.146973
0.141602
0.145996
0.142578
0.146484
0.145508
0.146484
0.144043
0.145508
0.148438
0.151855
0.152344
0.148926
0.143066
0.150391
0.147949
0.148438
0.150879
0.176270
0.150391
0.149414
0.174805
0.148926
0.173340
0.145996
0.157715
0.152344
0.182129
0.149414
0.146973
0.145996
0.155762
0.146973
0.149902
0.145508
0.143555
0.140625
0.145996
0.140137
0.144043
0.137207
0.139160
0.132812
0.138184
0.133301
0.137207
0.136719
0.127441
0.128418
0.122559
0.128906
0.124023
0.124023
0.117676
0.114258
0.119629
0.111328
0.109863
0.104980
0.098633
0.098145
0.100586
0.100586
0.093750
0.092285
0.098633
0.094238
0.092773
0.089355
0.082031
0.083984
0.087891
0.081543
0.083008
0.074707
0.079102
0.075195
0.073730
0.069824
0.068848
0.072754
0.068359
0.072266
0.068848
0.070312
0.071777
0.066406
0.071289
0.070801
0.070801
0.062500
0.064941
0.068359
0.067383
0.063477
0.062988
0.063477
0.061035
0.060059
0.062988
0.059082
0.092773
0.061035
0.092773
0.056152
0.093750
0.060547
0.051758
0.058105
0.087891
0.059082
0.057129
0.058594
0.061035
0.059082
0.057129
0.056152
0.057617
0.058105
0.049805
0.056641
0.044922
0.061523
0.057129
0.055176
0.057129
0.053223
0.052734
0.056641
0.055664
0.058105
0.053711
0.051270
0.046387
0.050781
0.039062
0.050293
0.050293
0.048828
0.042969
0.045898
0.041016
0.040039
0.041504
0.044922
0.044922
0.041992
0.041016
0.036621
0.041016
0.041504
0.036621
0.040527
0.041992
0.040527
0.035156
0.037109
0.035156
0.030762
0.030762
0.029297
0.029297
0.033203
0.036133
0.028809
0.027832
0.026855
0.025879
0.025879
0.026855
0.060059
0.024902
0.025879
0.027344
0.023926
0.027344
0.027344
0.025879
0.056152
0.056641
0.022949
0.054688
0.024902
0.055664
0.024414
0.023438
0.017090
0.013184
0.007812
0.013672
0.013184
0.015625
0.014160
0.016113
0.014160
0.013672
0.016113
0.012207
0.012695
0.011719
0.009766
0.014648
0.017090
0.010254
0.012695
0.011230
0.012695
0.008301
0.010742
0.010742
0.011230
0.011230
0.011719
0.007812
0.011719
0.009277
0.010742
0.007812
0.009766
0.007324
