0.456055
0.452148
0.450684
0.456543
0.452148
0.455078
0.457031
0.455566
0.457520
0.452148
0.450684
0.446777
0.444336
0.442871
0.438965
0.436523
0.430664
0.432129
0.424805
0.425293
0.417969
0.418457
0.405273
0.405273
0.402832
0.395508
0.353516
0.377441
0.374023
0.368652
0.355957
0.348145
0.311035
0.324707
0.313477
0.269531
0.254883
0.211426
0.219238
0.205566
0.187988
0.172363
0.149902
0.132324
0.127930
0.105469
0.098633
0.082520
0.078613
0.060547
0.058105
0.043457
0.035645
0.024414
0.010742
0.006348
-0.009766
-0.137207
-0.145996
-0.112305
-0.125000
-0.126465
-0.179199
-0.145020
-0.187500
-0.189941
-0.194336
-0.190430
-0.193359
-0.188965
-0.187500
-0.182617
-0.170410
-0.160645
-0.145996
-0.136719
-0.118164
-0.101074
-0.092285
-0.083496
-0.072266
-0.050781
-0.041016
-0.027832
-0.015625
0.006348
0.039062
0.050293
0.056152
0.074219
0.097168
0.131836
0.152832
0.176758
0.199707
0.223633
0.239258
0.252441
0.266113
0.280762
0.283691
0.290527
0.295410
0.295410
0.294434
0.295898
0.292969
0.289551
0.285156
0.282227
0.277344
0.267578
0.262207
0.254395
0.243652
0.236816
0.229004
0.251465
0.208984
0.238770
0.195312
0.180664
0.177734
0.155273
0.142090
0.133301
0.090332
0.111328
0.097168
0.086426
0.045898
0.037598
0.031250
0.018066
0.018066
0.011230
0.007324
0.000977
-0.007324
-0.011230
0.024902
0.003906
0.000977
0.002930
0.005859
-0.009277
-0.004883
-0.044922
-0.054199
-0.059082
-0.017090
-0.052734
-0.055176
-0.052246
-0.044434
-0.043945
-0.035156
-0.029785
-0.014648
-0.006836
0.013184
0.013672
0.029785
0.062012
0.066895
0.084473
0.113770
0.137695
0.150391
0.168457
0.181641
0.193848
0.208008
0.221191
0.232422
0.238281
0.248535
0.250977
0.250488
0.250000
0.246582
0.243164
0.242188
0.238770
0.237793
0.234375
0.230957
0.228516
0.227539
0.220703
0.216797
0.211426
0.205078
0.171387
0.149902
0.160645
0.143066
0.130371
0.125488
0.123047
0.106445
0.095215
0.083496
0.074707
0.067383
0.057617
0.059570
0.048828
0.045410
0.036133
0.034668
0.025879
0.031250
0.058594
0.020996
0.049805
0.011230
0.034668
-0.003906
-0.005371
-0.006836
-0.014648
-0.022461
0.016113
-0.022949
0.012207
-0.019531
-0.011230
-0.005371
-0.002441
0.006836
0.016113
0.020508
0.037109
0.054688
0.054199
0.095215
0.107422
0.121582
0.136230
0.149414
0.156250
0.170410
0.184570
0.192871
0.202637
0.210938
0.216797
0.222168
0.227539
0.227051
0.229004
0.227051
0.225586
0.226074
0.219238
0.216797
0.211426
0.211426
0.175781
0.203613
0.199219
0.158691
0.146484
0.144043
0.137207
0.130859
0.114746
0.119141
0.105957
0.091309
0.094727
0.072266
0.071289
0.061035
0.058594
0.045410
0.042969
0.035156
0.027832
0.017578
0.015625
0.006836
0.006348
-0.002930
-0.003906
-0.008789
-0.022461
-0.013672
-0.020996
-0.026855
-0.024902
-0.023926
-0.024902
-0.023438
-0.017578
-0.019043
-0.004883
-0.006348
0.012695
0.020020
0.032227
0.073242
0.054199
0.065918
0.105957
0.115723
0.132324
0.148438
0.161621
0.175293
0.184082
0.197266
0.210938
0.214844
0.220215
0.225586
0.228027
0.229004
0.226562
0.225098
0.225098
0.219727
0.217773
0.214844
0.218262
0.211426
0.177734
0.176758
0.165527
0.187012
0.153809
0.180176
0.137207
0.157227
0.141602
0.142578
0.129883
0.082031
0.111328
0.104004
0.100586
0.061523
0.058594
0.047363
0.043457
0.036621
0.036133
0.064941
0.024902
0.018066
0.011230
0.008789
0.005371
-0.006836
-0.009766
-0.014648
-0.015137
-0.014648
-0.017578
-0.029785
0.003906
-0.028809
-0.028809
-0.028320
-0.016602
-0.018555
-0.006836
0.000000
0.013184
0.024414
0.035645
0.045898
0.085938
0.096680
0.106934
0.118652
0.132812
0.145020
0.159180
0.168457
0.180664
0.187988
0.200195
0.204590
0.211426
0.210938
0.219238
0.223145
0.223633
0.193359
0.219727
0.217773
0.184082
0.211426
0.179688
0.175781
0.165527
0.165039
0.194336
0.152832
0.181641
0.170410
0.162109
0.127930
0.151855
0.105469
0.093750
0.081055
0.078125
0.081543
0.065918
0.062500
0.057129
0.045410
0.045898
0.040039
0.036133
0.029297
0.024414
0.018555
0.016113
0.006836
0.002441
0.005859
-0.001953
0.001465
-0.009277
-0.011230
-0.010254
-0.017578
-0.016113
-0.021973
-0.018066
-0.020020
-0.016113
-0.015137
-0.012207
-0.006348
0.005371
0.006836
0.016602
0.054199
0.060547
0.065918
0.082520
0.100098
0.104004
0.118164
0.129395
0.139648
0.149902
0.164551
0.176758
0.183594
0.194824
0.201660
0.207031
0.203613
0.206543
0.210938
0.216309
0.220703
0.214844
0.210938
0.210938
0.203613
0.202637
0.202637
0.193359
0.189941
0.187012
0.184082
0.179199
0.171875
0.167969
0.163086
0.159668
0.149414
0.141602
0.133789
0.126953
0.118652
0.107422
0.078613
0.062012
0.061523
0.054199
0.040039
0.031250
0.033203
0.019043
0.017090
0.009766
0.016113
0.001465
-0.002441
0.000000
-0.003418
-0.010254
-0.012695
-0.018555
-0.030762
-0.019043
-0.019531
-0.015137
-0.020996
-0.012695
-0.007324
0.001953
0.013184
0.022949
0.038086
0.045410
0.053711
0.092285
0.107910
0.115234
0.135254
0.148438
0.161621
0.171387
0.182617
0.194336
0.202637
0.211426
0.216309
0.225586
0.226074
0.229980
0.229980
0.228516
0.225098
0.226074
0.223145
0.218750
0.215332
0.179688
0.173340
0.172363
0.169922
0.164551
0.153320
0.146973
0.141113
0.135254
0.123535
0.113770
0.121094
0.111328
0.094727
0.090820
0.086914
0.075195
0.062012
0.066406
0.065918
0.043945
0.041016
0.043457
0.034668
0.042969
0.031250
0.024414
0.023438
0.019531
0.013672
0.010254
0.009277
0.000977
0.005371
-0.003418
-0.001953
-0.006836
-0.010742
-0.006348
-0.014648
-0.012207
-0.013672
-0.014648
-0.008301
-0.011719
0.003418
0.005859
0.011719
0.020020
0.033203
0.037109
0.055176
0.061523
0.077148
0.116211
0.120605
0.133789
0.143555
0.150879
0.157227
0.164062
0.175781
0.179199
0.187988
0.164551
0.193848
0.194336
0.199707
0.200195
0.169922
0.173340
0.161133
0.160645
0.159668
0.173340
0.142578
0.174316
0.159180
0.156250
0.152832
0.151855
0.150879
0.140625
0.137207
0.120117
0.123047
0.106445
0.112793
0.106934
0.108887
0.098633
0.102539
0.086914
0.093750
0.088379
0.089355
0.093750
0.085938
0.091309
0.097168
0.095703
0.109375
0.112793
0.126953
0.130859
0.149414
0.166504
0.181641
0.187988
0.201172
0.219238
0.238770
0.265137
0.282715
0.302246
0.313965
0.326660
0.341797
0.345215
0.339844
0.332520
0.329590
0.321289
0.304199
0.305664
0.293457
0.283691
0.271973
0.260254
0.248535
0.220703
0.220703
0.220703
0.220703
0.220703
0.220703
0.220703
0.220703
0.220703
0.220703
0.220703
0.220703
0.220703
0.220703
0.220703
0.220703
0.223145
0.241211
0.258301
0.276855
0.293457
0.314453
0.333496
0.352051
0.342285
0.356445
0.386230
0.390137
0.425293
0.449707
0.468262
0.487793
0.517090
0.542480
0.626465
0.645508
0.674805
0.725586
0.725586
0.788086
0.830078
0.923340
0.953125
0.953125
0.953125
0.953125
0.953125
0.953125
0.953125
0.953125
0.953125
0.953125
0.953125
0.953125
0.953125
0.953125
0.953125
0.953125
0.953125
0.953125
0.876953
0.838867
0.786621
0.752441
0.729004
0.693848
0.638184
0.464844
0.385742
0.287598
0.233398
0.241699
0.240723
0.213379
0.222168
0.227051
0.229004
0.215332
0.143555
0.105957
0.089844
0.064941
0.037109
-0.001465
-0.010742
0.025879
0.033691
0.062012
0.081543
0.109863
0.136230
0.166016
0.162109
0.177246
0.182129
0.191895
0.185059
0.184082
0.179199
0.174316
0.164551
0.166992
0.156738
0.152832
0.151367
0.151855
0.142090
0.158691
0.129395
0.126465
0.119629
0.117676
0.113281
0.112793
0.097656
0.099121
0.106934
0.096191
0.067383
0.062012
0.056152
0.050293
0.042969
0.035156
0.036621
0.037598
0.041016
0.049316
0.051758
0.061035
0.064941
0.076660
0.083984
0.096191
0.097656
0.108398
0.114258
0.115234
0.124023
0.128906
0.135742
0.139648
0.153320
0.157715
0.169434
0.178223
0.184082
0.198242
0.208984
0.212891
0.215820
0.226074
0.226074
0.231934
0.228516
0.238770
0.269043
0.272461
0.275391
0.277832
0.278320
0.274902
0.284180
0.288086
0.288086
0.289551
0.289551
0.289062
0.281250
0.289062
0.289062
0.289062
0.286133
0.276855
0.273438
0.243652
0.264160
0.261230
0.252441
0.248047
0.242676
0.243164
0.235840
0.206543
0.199219
0.181152
0.172363
0.157715
0.141602
0.129883
0.125977
0.119141
0.102539
0.092773
0.088867
0.084473
0.076660
0.076172
0.067383
0.061523
0.065430
0.059570
0.058105
0.065918
0.054688
0.053711
0.046875
0.057617
0.051270
0.060547
0.050293
0.056641
0.056152
0.050781
0.057617
0.060547
0.057617
0.059570
0.059082
0.061035
0.066406
0.064453
0.062988
0.070312
0.071289
0.072754
0.072754
0.097656
0.073242
0.102051
0.115723
0.092773
0.086426
0.096680
0.094727
0.124023
0.125977
0.124512
0.096680
0.128418
0.097168
0.130371
0.130371
0.108887
0.113281
0.137695
0.136719
0.108887
0.136230
0.109863
0.134766
0.107910
0.110352
0.110352
0.134766
0.132812
0.132812
0.135254
0.107422
0.110352
0.106445
0.131836
0.098633
0.131836
0.132324
0.098633
0.129395
0.089355
0.097656
0.124023
0.089355
0.097656
0.093750
0.093750
0.089355
0.089844
0.087402
0.074219
0.072754
0.067383
0.076172
0.074219
0.068359
0.066406
0.064453
0.059570
0.063965
0.062012
0.059570
0.058594
0.060547
0.052734
0.059570
0.050781
0.060547
0.049805
0.050781
0.052734
0.050781
0.048340
0.046875
0.043945
0.039062
0.050293
0.043457
0.046875
0.047852
0.048340
0.049316
0.042969
0.046875
0.041504
0.047852
0.047852
0.046875
0.039062
0.039062
0.045410
0.046387
0.040039
0.041016
0.047363
0.041504
0.044922
0.047852
0.044922
0.038574
0.048340
0.039551
0.043457
0.043457
0.046387
0.038574
0.043457
0.039551
0.042969
0.038086
0.042480
0.038574
0.039551
0.041992
0.037109
0.038086
0.036133
0.038574
0.043457
0.040039
0.070312
0.041504
0.068359
0.041504
0.035645
0.042969
0.034668
0.032715
0.042969
0.036621
0.068848
0.039551
0.033203
0.042969
0.033691
0.038574
0.039062
0.036133
0.038574
0.037109
0.034180
0.038574
0.035156
0.038086
0.037598
0.032227
0.037598
0.036621
0.035645
0.039062
0.036133
0.037109
0.038086
0.037598
0.037598
0.038086
0.036621
0.036133
0.035156
0.034180
0.034180
0.029297
0.033691
0.031250
0.035156
0.032715
0.033203
0.031738
0.031738
0.025879
0.030762
0.026855
0.027832
0.025879
0.028809
0.028320
0.028809
0.023926
0.027832
0.025391
0.027344
0.026855
0.026855
0.025879
0.027344
0.022949
0.024902
0.026367
0.024414
0.024902
0.022949
0.020996
0.021484
0.017090
0.020996
0.017578
0.020996
0.020020
0.020996
0.019531
0.019531
0.020508
0.019043
0.017578
0.016113
0.015625
0.015625
0.010254
0.011719
0.016602
0.015625
0.012207
0.014160
0.016113
0.013672
0.009766
0.004395
0.012207
0.012207
0.011719
0.015625
0.012207
0.012695
0.009766
0.012695
0.012207
0.011719
0.011719
0.009277
0.006836
0.004883
0.004883
0.007324
0.009277
0.008301
0.043457
0.009766
0.002441
0.008789
0.009277
0.009766
0.004883
0.006348
0.008789
0.009766
0.009277
0.009277
0.011719
0.009766
0.009766
0.000977
0.007812
0.007324
0.002930
0.002930
0.044434
0.007812
0.003906
0.008301
0.008789
0.009277
0.010742
0.010254
0.009766
0.010254
0.008301
0.002441
0.009277
0.008301
0.008789
-0.000977
0.009277
0.041504
0.041016
0.009766
0.043945
0.042480
0.044434
0.043457
0.044434
0.010254
0.044434
0.009277
0.046875
0.016602
0.048340
0.011719
0.045410
0.051270
0.054199
0.047852
0.055664
0.048340
0.057129
0.014648
0.052246
0.049805
0.050293
0.016602
0.012695
0.012207
0.047852
0.010742
0.046387
0.008301
0.009766
0.007324
0.006836
0.005859
0.003906
0.012207
0.006348
0.038574
-0.000488
0.038086
0.001953
-0.005371
0.001953
0.002441
0.001953
0.000977
0.003418
0.002930
0.007324
0.005371
0.010254
0.011230
0.014160
0.020020
0.019043
0.018066
0.026367
0.030762
0.032715
0.032227
0.037109
0.034668
0.036133
0.038086
0.042480
0.041992
0.042480
0.043945
0.040039
0.042480
0.043945
0.049316
0.050293
0.049316
0.049805
0.050781
0.048828
0.052734
0.044922
0.047363
0.052734
0.049805
0.052246
0.049805
0.051270
0.073730
0.053711
0.077637
0.050781
0.042969
0.049316
0.048828
0.078613
0.053711
0.053711
0.055176
0.059082
0.062988
0.103516
0.120117
0.142578
0.164551
0.186035
0.218750
0.234375
0.269043
0.288086
0.335449
0.362305
0.389648
0.416992
0.437988
0.436523
0.432129
0.427734
0.430176
0.427246
0.420410
0.420410
0.408203
0.407227
0.402344
0.392578
0.381836
0.364746
0.347168
0.321777
0.306152
0.284180
0.280273
0.273438
0.259277
0.253906
0.242676
0.230469
0.220703
0.220703
0.220703
0.220703
0.220703
0.220703
0.220703
0.220703
0.220703
0.220703
0.220703
0.220703
0.220703
0.220703
0.218750
0.210938
0.198730
0.200195
0.200684
0.210449
0.235840
0.266113
0.299805
0.336426
0.374023
0.382324
0.345703
0.398926
0.360840
0.356445
0.359863
0.362305
0.366211
0.349609
0.364746
0.382324
0.405762
0.420410
0.400391
0.431152
0.432617
0.451172
0.530762
0.594238
0.565918
0.717285
0.953125
0.702637
0.953125
0.953125
0.953125
0.953125
0.953125
0.953125
0.953125
0.953125
0.953125
0.953125
0.953125
0.953125
0.953125
0.953125
0.953125
0.953125
0.953125
0.953125
0.953125
0.953125
0.953125
0.953125
0.953125
0.953125
0.919434
0.870605
0.800293
0.713379
0.623047
0.464844
0.464844
0.464844
0.464844
0.387695
0.259766
0.232910
0.233398
0.222168
0.216309
0.212402
0.203613
0.202637
0.214355
0.222168
0.215332
0.243652
0.113770
0.119141
0.139160
0.100586
0.085938
0.087891
0.075195
0.055176
0.041992
0.030273
0.028320
0.037109
0.038086
0.041504
0.047363
0.048340
0.051758
0.053711
0.051758
0.055664
0.084961
0.090332
0.070312
0.099121
0.071289
0.062500
0.094238
0.059082
0.087891
0.079590
0.077148
0.070801
0.062500
0.057129
0.021973
0.024414
0.019531
0.024414
0.023438
0.027344
0.030273
0.038086
0.043945
0.047363
0.065430
0.066895
0.075195
0.080566
0.093750
0.099121
0.115234
0.120605
0.132324
0.142090
0.152832
0.164551
0.163574
0.181152
0.191406
0.197754
0.210938
0.218750
0.219238
0.225098
0.244141
0.242676
0.255371
0.255859
0.255371
0.271973
0.275879
0.304688
0.308105
0.307617
0.278809
0.269531
0.307129
0.271484
0.305664
0.304199
0.303223
0.302734
0.301758
0.267090
0.262695
0.291992
0.286621
0.254395
0.250000
0.243652
0.234375
0.225098
0.218750
0.207031
0.204590
0.193359
0.189453
0.182129
0.171387
0.161621
0.152832
0.145996
0.140625
0.117676
0.109863
0.105957
0.093750
0.083984
0.081543
0.080078
0.067383
0.071777
0.064453
0.067871
0.061523
0.057129
0.057129
0.054199
0.053223
0.052246
0.047852
0.042480
0.046387
0.044434
0.040039
0.052734
0.045898
0.051270
0.051270
0.056641
0.054688
0.056152
0.055664
0.062988
0.061035
0.064941
0.064941
0.066895
0.066406
0.068848
0.082031
0.080078
0.071777
0.086426
0.081543
0.087402
0.080566
0.078613
0.091797
0.083984
0.094238
0.094727
0.087402
0.098145
0.098633
0.090332
0.099609
0.125488
0.125488
0.125488
0.125000
0.123535
0.120605
0.119141
0.118652
0.119141
0.118652
0.112305
0.107910
0.079590
0.110840
0.083008
0.077148
0.101562
0.065430
0.069336
0.064453
0.065918
0.059082
0.062500
0.051758
0.051270
0.052246
0.049805
0.045898
0.042969
0.046387
0.049805
0.051270
0.047852
0.042480
0.045898
0.046387
0.046387
0.042969
0.045410
0.042969
0.037598
0.037598
0.044434
0.043457
0.045898
0.045410
0.033691
0.044922
0.039062
0.039551
0.043945
0.038574
0.041016
0.032227
0.041016
0.039551
0.041992
0.038574
0.040527
0.032227
0.040527
0.035156
0.035645
0.042480
0.035156
0.035156
0.038086
0.039551
0.033691
0.033203
0.032715
0.033203
0.033691
0.031250
0.033691
0.024414
0.032715
0.029785
0.029785
0.029785
0.028809
0.028809
0.021973
0.026367
0.027344
0.027344
0.028320
0.025879
0.029785
0.025879
0.024902
0.024414
0.020996
0.019531
0.019043
0.024414
0.023926
0.020508
0.024414
0.026855
0.023926
0.057129
0.024902
0.022949
0.025879
0.024414
0.060547
0.025391
0.058594
0.024414
0.059082
0.024414
0.061523
0.060059
0.062500
0.060547
0.064453
0.055664
0.062500
0.058105
0.057129
0.057129
0.056641
0.057129
0.022949
0.051758
0.020508
0.019043
0.021973
0.055176
0.050293
0.053711
0.020508
0.015137
0.009766
0.042969
0.044922
0.040527
0.034668
0.007324
0.036133
-0.000488
0.000000
-0.002441
-0.000977
-0.009277
-0.010742
-0.009277
-0.006836
-0.007812
-0.005859
-0.002930
0.000977
0.003418
0.015625
0.025879
0.032715
0.044434
0.079590
0.087402
0.102539
0.107910
0.122070
0.133301
0.146484
0.159180
0.167969
0.181152
0.191406
0.196289
0.199219
0.205566
0.208008
0.211426
0.211426
0.211426
0.211426
0.211426
0.211426
0.211426
0.207520
0.205078
0.201660
0.197754
0.193848
0.187012
0.175781
0.161621
0.158203
0.149902
0.138184
0.129395
0.125000
0.114746
0.097168
0.087891
0.082520
0.074707
0.073242
0.067871
0.040527
0.044922
0.031250
0.030273
0.021973
0.015137
0.005371
0.002441
-0.003906
-0.013184
-0.011230
-0.017090
-0.028809
-0.022949
-0.031250
-0.036621
-0.029785
-0.032227
-0.030762
-0.026855
-0.019043
-0.021484
-0.012207
-0.006348
0.007812
0.015137
0.023926
0.052246
0.059570
0.074219
0.085938
0.100586
0.117676
0.139648
0.153320
0.167969
0.186523
0.193359
0.208008
0.222656
0.230957
0.237793
0.245117
0.254395
0.255859
0.255859
0.258301
0.260742
0.255371
0.246094
0.240723
0.237793
0.230469
0.227539
0.215820
0.205078
0.199707
0.190918
0.175293
0.172363
0.163086
0.153320
0.142090
0.132324
0.094727
0.088379
0.084473
0.071289
0.062988
0.052246
0.036133
0.038086
0.033691
0.017090
0.018555
0.000000
0.002441
0.000977
-0.008789
-0.020996
-0.016113
-0.020508
-0.027832
-0.031250
-0.033203
-0.035645
-0.034180
-0.034180
-0.032715
-0.031250
-0.032715
-0.021484
-0.010254
0.004883
0.005859
0.016602
0.043945
0.057617
0.059570
0.069336
0.077148
0.097168
0.116211
0.131348
0.171387
0.184570
0.197266
0.211426
0.222656
0.230957
0.238770
0.245117
0.250488
0.249512
0.249512
0.247070
0.247070
0.244141
0.240723
0.233887
0.230957
0.227051
0.221191
0.216797
0.211426
0.211426
0.208008
0.196289
0.187500
0.176270
0.169434
0.163574
0.114746
0.108887
0.094238
0.088379
0.082520
0.079590
0.067383
0.055176
0.047363
0.080078
0.036133
0.068848
0.024414
0.063965
0.050781
0.051758
0.002441
0.002930
0.001953
0.029785
0.029297
0.036133
0.028809
0.026855
0.019043
0.028320
0.013184
0.033203
0.026367
0.054688
0.042969
0.065430
0.073730
0.088379
0.103516
0.126953
0.145508
0.171387
0.187500
0.209473
0.245605
0.262695
0.278809
0.300781
0.325195
0.341309
0.331055
0.332520
0.324219
0.322754
0.318359
0.313477
0.302734
0.294434
0.286133
0.266602
0.260254
0.240234
0.229492
0.223145
0.220703
0.220703
0.220703
0.220703
0.220703
0.220703
0.220703
0.220703
0.220703
0.220703
0.220703
0.220703
0.220703
0.220703
0.219727
0.208984
0.204590
0.207031
0.210449
0.235352
0.253906
0.297363
0.361816
0.361328
0.403320
0.423828
0.423828
0.403320
0.415527
0.407715
0.408203
0.383301
0.378418
0.346680
0.353027
0.336426
0.332031
0.355957
0.339355
0.331055
0.339355
0.357422
0.377930
0.402344
0.428711
0.451660
0.504395
0.527344
0.579590
0.582520
0.655762
0.953125
0.685547
0.953125
0.953125
0.953125
0.953125
0.953125
0.953125
0.953125
0.953125
0.953125
0.953125
0.953125
0.953125
0.953125
0.953125
0.953125
0.953125
0.953125
0.953125
0.953125
0.953125
0.953125
0.953125
0.953125
0.953125
0.953125
0.953125
0.953125
0.906250
0.810547
0.666016
0.464844
0.464844
0.464844
0.464844
0.464844
0.321777
0.266602
0.264648
0.288086
0.225098
0.212402
0.236328
0.218750
0.202637
0.212402
0.236816
0.240723
0.259277
0.233398
0.100098
-0.046875
-0.162109
-0.179199
-0.171875
-0.176758
-0.168457
-0.163574
-0.158691
-0.152344
-0.144043
-0.141113
-0.136230
-0.101562
-0.083984
-0.069336
-0.053711
-0.038086
-0.018555
-0.003418
0.015137
0.031250
0.045410
0.059570
0.075684
0.115234
0.097168
0.138184
0.147461
0.161133
0.170898
0.177734
0.184082
0.196289
0.202637
0.211426
0.234863
0.245117
0.250000
0.256348
0.239746
0.246094
0.253906
0.293945
0.296387
0.265137
0.261719
0.274414
0.272461
0.273438
0.271973
0.297363
0.291016
0.302246
0.293457
0.307617
0.299316
0.308105
0.297363
0.334473
0.300293
0.295410
0.292969
0.271973
0.292480
0.275879
0.287598
0.273926
0.269531
0.267090
0.296387
0.258789
0.278809
0.276855
0.267578
0.271484
0.264648
0.268066
0.262207
0.258301
0.247559
0.239746
0.240723
0.241699
0.228516
0.192871
0.219238
0.204102
0.191406
0.189941
0.183105
0.178223
0.149902
0.131348
0.156738
0.122070
0.152344
0.141602
0.148438
0.138184
0.143555
0.133301
0.132812
0.122070
0.130371
0.120117
0.115723
0.115723
0.113770
0.117188
0.111328
0.104980
0.112305
0.118652
0.107422
0.114746
0.108398
0.115234
0.073242
0.110840
0.103027
0.111328
0.068848
0.107422
0.102051
0.109863
0.103516
0.111816
0.102539
0.113770
0.074707
0.111816
0.105957
0.114258
0.102539
0.114746
0.103027
0.119141
0.110352
0.106934
0.113770
0.105957
0.110840
0.100586
0.109375
0.103027
0.108398
0.102539
0.107910
0.100098
0.111328
0.105957
0.107910
0.070312
0.108398
0.101562
0.107422
0.102539
0.109375
0.070312
0.105469
0.065918
0.101562
0.094727
0.103516
0.089355
0.099609
0.091309
0.098145
0.086914
0.100586
0.089844
0.097168
0.087891
0.089355
0.094238
0.087402
0.093750
0.087402
0.083008
0.077148
0.083984
0.042969
0.079102
0.075195
0.075195
0.074707
0.073242
0.073242
0.040527
0.039062
0.034180
0.039551
0.039551
0.071777
0.038086
0.027344
0.037109
0.034180
0.033691
0.043457
0.039062
0.037598
0.041016
0.042480
0.041992
0.042969
0.044434
0.041504
0.041992
0.042969
0.039551
0.042969
0.045898
0.050781
0.050293
0.040039
0.043945
0.048828
0.051270
0.045410
0.052734
0.047852
0.050293
0.050781
0.046387
0.054199
0.059082
0.055664
0.062500
0.059570
0.057617
0.059082
0.060059
0.055176
0.065918
0.063965
0.054688
0.063477
0.061523
0.053711
0.064941
0.053223
0.060059
0.059570
0.054199
0.059082
0.058105
0.057617
0.054199
0.055176
0.060059
0.048828
0.057129
0.055664
0.053711
0.047363
0.050293
0.049805
0.049316
0.042480
0.045898
0.039062
0.043457
0.040039
0.043945
0.039551
0.037598
0.033691
0.031250
0.034180
0.032227
0.032227
0.035645
0.033203
0.032715
0.031250
0.031250
0.031738
0.026855
0.017090
0.027832
0.027832
0.022949
0.023438
0.025391
0.018555
0.020020
0.012695
0.014648
0.017578
0.021484
0.014648
0.014160
0.011719
0.012695
0.010742
0.010254
0.012695
0.010742
0.011230
0.009277
0.008301
0.007324
0.003418
0.007324
0.003906
0.005371
0.004395
0.004395
0.001465
0.000488
0.000488
0.000000
-0.001953
0.000000
-0.000488
-0.000488
0.001953
-0.004395
-0.003418
0.005371
0.005371
0.008301
0.013184
0.019531
0.020508
0.029297
0.040039
0.046875
0.061523
0.060059
0.075684
0.075684
0.071289
0.115234
0.090332
0.128418
0.103027
0.107910
0.105957
0.113281
0.118164
0.117676
0.115723
0.119141
0.120117
0.120117
0.120605
0.118164
0.117188
0.111816
0.114258
0.106934
0.108887
0.110840
0.102051
0.131836
0.102051
0.085449
0.083008
0.081055
0.088379
0.076172
0.075195
0.070312
0.067871
0.063477
0.062500
0.060547
0.051270
0.040039
0.044922
0.037109
0.032715
0.033691
0.029785
0.026367
0.023438
0.014648
0.013672
0.013672
0.001953
0.006836
0.006836
0.004395
-0.004395
-0.004395
-0.003418
-0.007324
-0.009766
-0.005371
-0.005859
-0.006348
-0.001465
-0.003906
0.000000
0.009277
0.013184
0.009766
0.057129
0.064941
0.065430
0.075195
0.077148
0.088379
0.100586
0.112793
0.125977
0.135742
0.140137
0.150391
0.163086
0.179199
0.191406
0.196777
0.203613
0.205078
0.207520
0.207031
0.207031
0.206055
0.207031
0.206055
0.203613
0.201172
0.199219
0.198242
0.191895
0.189453
0.186035
0.178223
0.167969
0.165039
0.121582
0.150879
0.109375
0.101074
0.104004
0.086426
0.079590
0.076660
0.069824
0.057617
0.051758
0.045410
0.030762
0.031738
0.025879
0.022461
0.018555
0.011719
0.006836
0.010742
0.003418
-0.004883
-0.002441
-0.003418
-0.015625
-0.015625
0.016602
-0.013672
-0.018066
-0.022461
-0.019043
-0.015625
-0.013184
-0.003418
0.002441
0.010742
0.019043
0.025879
0.037109
0.052246
0.067871
0.074219
0.116699
0.132812
0.145996
0.158203
0.169434
0.177734
0.190430
0.202637
0.211426
0.211426
0.222168
0.196777
0.198242
0.197754
0.224609
0.191895
0.220703
0.183594
0.180176
0.180176
0.172363
0.172363
0.162598
0.163086
0.147461
0.142578
0.148926
0.138672
0.138672
0.129883
0.123535
0.110840
0.102051
0.101074
0.091309
0.093750
0.086426
0.083008
0.074219
0.066406
0.058594
0.057129
0.049805
0.048828
0.073242
0.034668
0.029785
0.025879
0.023438
0.021973
0.015137
0.010254
0.007324
0.008301
0.035156
-0.003418
0.034180
-0.005371
-0.006348
-0.004883
-0.012695
0.023926
0.028320
0.028320
0.025879
-0.004395
0.045898
0.049316
0.075684
0.092773
0.106445
0.130371
0.145020
0.168457
0.187988
0.214355
0.231445
0.257324
0.288086
0.310547
0.332520
0.359375
0.378906
0.396973
0.415527
0.414062
0.413086
0.407227
0.406250
0.406250
0.403809
0.399414
0.396973
0.393066
0.389160
0.381836
0.372559
0.367676
0.360352
0.352051
0.340332
0.326172
0.312012
0.300781
0.290039
0.281250
0.267578
0.248047
0.235352
0.224121
0.220703
0.220703
0.220703
0.220703
0.220703
0.220703
0.220703
0.220703
0.220703
0.220703
0.220703
0.234863
0.238281
0.244141
0.251953
0.269531
0.257812
0.300781
0.288574
0.310059
0.322754
0.337402
0.349121
0.361816
0.389648
0.412598
0.402344
0.452148
0.468750
0.488281
0.513672
0.525879
0.554688
0.582031
0.581055
0.704102
0.720215
0.750977
0.776367
0.788574
0.922363
0.953125
0.953125
0.953125
0.953125
0.953125
0.953125
0.953125
0.953125
0.953125
0.953125
0.953125
0.953125
0.953125
0.953125
0.953125
0.953125
0.953125
0.953125
0.953125
0.916504
0.881836
0.835449
0.799316
0.752441
0.723145
0.656738
0.581055
0.464844
0.464844
0.313965
0.253906
0.242676
0.223145
0.234863
0.249512
0.254883
0.256348
0.115723
0.085449
0.953125
0.037109
0.020508
0.027832
0.021973
0.033203
0.032715
0.040039
0.085449
0.098145
0.102539
0.114258
0.111816
0.120605
0.110352
0.108398
0.112305
0.111328
0.106934
0.104004
0.105957
0.096680
0.094238
0.087402
0.113770
0.082031
0.082031
0.076172
0.072266
0.061035
0.062988
0.054688
0.056152
0.047363
0.042480
0.042969
0.026367
0.044922
0.005859
0.025391
-0.012207
-0.018555
-0.020020
-0.021484
-0.020996
-0.017090
-0.007324
0.008789
0.038574
0.052734
0.066406
0.086426
0.101562
0.124023
0.145508
0.162598
0.184570
0.199707
0.204102
0.205566
0.224121
0.225586
0.238281
0.239746
0.281738
0.290527
0.294434
0.300781
0.276367
0.307617
0.311523
0.313477
0.314941
0.316895
0.319336
0.318848
0.321777
0.322754
0.324219
0.319824
0.325684
0.319336
0.326660
0.325195
0.325195
0.323242
0.314453
0.319336
0.315918
0.314941
0.312012
0.310547
0.308105
0.306152
0.303223
0.303223
0.298828
0.296875
0.293945
0.263672
0.256348
0.286133
0.252441
0.275391
0.243652
0.227539
0.243652
0.200684
0.182129
0.179199
0.164551
0.158203
0.148926
0.137207
0.134766
0.123047
0.107910
0.099121
0.097656
0.086914
0.083496
0.078613
0.081543
0.075684
0.076172
0.072266
0.068848
0.070312
0.061523
0.059082
0.061035
0.062012
0.061035
0.056641
0.055664
0.062988
0.060059
0.067871
0.062988
0.067871
0.069824
0.068848
0.070801
0.077637
0.078125
0.079102
0.078125
0.083008
0.086914
0.090820
0.084961
0.093750
0.092285
0.101562
0.095215
0.105469
0.102051
0.126953
0.106934
0.135742
0.133301
0.132812
0.136230
0.139648
0.139648
0.143066
0.142578
0.137207
0.137207
0.136230
0.135742
0.133301
0.132812
0.126465
0.130371
0.128418
0.125977
0.126953
0.127930
0.126465
0.124023
0.120605
0.123047
0.117188
0.121582
0.118652
0.114258
0.114746
0.109375
0.114258
0.104492
0.107422
0.105469
0.105957
0.103027
0.097168
0.098145
0.097656
0.093750
0.085449
0.064453
0.062500
0.063965
0.063477
0.062988
0.086914
0.058105
0.084961
0.050781
0.050293
0.052734
0.052734
0.053223
0.052246
0.047852
0.053711
0.042480
0.045898
0.040039
0.048828
0.040039
0.046875
0.046875
0.044922
0.038574
0.042480
0.039062
0.042969
0.044434
0.038086
0.041504
0.044922
0.046875
0.038086
0.042969
0.037598
0.044922
0.037598
0.044434
0.051758
0.045410
0.044922
0.041504
0.052734
0.047852
0.041504
0.046875
0.045410
0.041992
0.048828
0.041992
0.047852
0.052734
0.047852
0.041992
0.049805
0.045410
0.050781
0.051758
0.049805
0.053711
0.046875
0.049316
0.049316
0.055176
0.053711
0.046387
0.051270
0.046875
0.051758
0.047363
0.054688
0.055176
0.046387
0.051758
0.051758
0.050781
0.047363
0.047363
0.045898
0.043457
0.048828
0.042480
0.040039
0.041016
0.045898
0.043945
0.043457
0.038574
0.041016
0.039551
0.038574
0.042969
0.042480
0.044434
0.036133
0.040039
0.040039
0.041016
0.035645
0.040039
0.038574
0.037109
0.036621
0.030762
0.035645
0.032227
0.036133
0.035156
0.035156
0.033203
0.031738
0.033691
0.025879
0.030273
0.029297
0.028809
0.024414
0.028809
0.025879
0.028320
0.025879
0.022949
0.020508
0.025879
0.026855
0.028809
0.028809
0.027832
0.026367
0.024414
0.021484
0.023438
0.026367
0.025879
0.024902
0.021484
0.026855
0.026855
0.024414
0.024414
0.024902
0.020020
0.017578
0.021484
0.020020
0.024414
0.020508
0.024414
0.020020
0.020508
0.024902
0.026855
0.020996
0.021973
0.023926
0.020508
0.021484
0.026367
0.021484
0.023926
0.016602
0.023438
0.019043
0.024902
0.017090
0.019531
0.017578
0.019043
0.014648
0.014648
0.007812
0.014160
0.004395
0.013672
0.005371
0.012695
0.011719
0.013672
0.006348
0.015137
0.006348
0.006836
0.012695
0.005859
0.010742
0.008789
0.011230
0.003906
0.008789
0.011719
0.009766
0.009766
0.007812
0.009766
0.010254
0.002930
0.009277
0.011230
0.003418
0.007812
0.009277
0.005371
0.008301
0.010254
0.009277
0.006348
0.010254
0.010254
0.009766
0.012695
0.011719
0.012207
0.011719
0.011230
0.014160
0.012695
0.013184
0.013672
0.011719
0.004883
0.015625
0.009766
0.014160
0.011230
0.014160
0.016602
0.047363
0.046875
0.013184
0.016113
0.046875
0.008789
0.047852
0.045898
0.050293
0.011230
0.008301
0.010254
0.009766
0.009277
0.009766
0.003418
0.008789
0.007324
0.036621
0.001465
0.003418
0.007812
0.004395
0.003906
0.003906
0.001465
0.006836
0.002930
0.004395
0.006348
0.003906
0.000000
0.026855
-0.004395
0.001953
0.000488
0.032227
0.000488
0.000000
0.001465
0.001465
0.035156
-0.000488
0.045410
0.002930
0.051270
0.004395
0.041504
0.045410
0.042969
0.051270
0.048340
0.047852
0.048828
0.016602
0.056641
0.058594
0.055176
0.056641
0.062500
0.026855
0.063965
0.023926
0.019531
0.024414
0.024414
0.020508
0.025879
0.059570
0.022949
0.060059
0.024414
0.018066
0.024414
0.026367
0.019531
0.024414
0.020020
0.020020
0.024902
0.022949
0.022949
0.016113
0.022461
0.020508
0.015625
0.022949
0.020996
0.021973
0.020020
0.020508
0.019531
0.018066
0.020996
0.014648
0.020996
0.018066
0.014648
0.020508
0.015137
0.021484
0.017578
0.024902
0.069336
0.065918
0.081055
0.080566
0.108398
0.106445
0.140137
0.154297
0.169434
0.195312
0.221191
0.241211
0.271973
0.311523
0.341309
0.379883
0.412109
0.428711
0.428711
0.422852
0.425293
0.423340
0.420898
0.417480
0.415039
0.409668
0.398926
0.386230
0.381348
0.368164
0.327148
0.318848
0.302246
0.287598
0.262207
0.266602
0.256348
0.251953
0.245117
0.230469
0.229004
0.220703
0.220703
0.220703
0.220703
0.220703
0.220703
0.220703
0.220703
0.220703
0.220703
0.220703
0.220703
0.220703
0.215332
0.207031
0.199219
0.192871
0.196777
0.199707
0.203613
0.233398
0.270996
0.291504
0.298340
0.318848
0.351562
0.357422
0.360352
0.383301
0.411133
0.423828
0.428223
0.456055
0.440918
0.323730
0.466309
0.362305
0.341309
0.328613
0.387207
0.375488
0.395020
0.386230
0.387207
0.424805
0.433105
0.593750
0.608398
0.581055
0.953125
0.583496
0.953125
0.953125
0.953125
0.953125
0.953125
0.953125
0.953125
0.953125
0.953125
0.953125
0.953125
0.953125
0.953125
0.953125
0.953125
0.953125
0.953125
0.953125
0.953125
0.953125
0.953125
0.953125
0.953125
0.953125
0.953125
0.953125
0.953125
0.953125
0.928711
0.899414
0.837891
0.719727
0.591797
0.464844
0.464844
0.464844
0.464844
0.464844
0.394043
0.320801
0.273438
0.279785
0.273438
0.264648
0.260254
0.254395
0.261719
0.244141
0.249512
0.215332
0.196777
0.129395
0.023438
-0.008789
-0.030762
-0.053223
-0.061035
-0.074707
-0.071289
-0.069824
-0.068848
-0.062988
-0.054688
-0.048340
-0.041992
0.000488
0.010254
0.022461
0.007812
0.020508
0.025879
0.033691
0.039551
0.028809
0.044434
0.051270
0.046387
0.054688
0.062500
0.092773
0.093750
0.105469
0.112305
0.114746
0.129883
0.116699
0.133301
0.146484
0.179688
0.184570
0.193848
0.178223
0.213379
0.208496
0.220215
0.224121
0.226562
0.232910
0.230957
0.239258
0.237305
0.241699
0.253418
0.258301
0.256348
0.260254
0.269043
0.273438
0.271484
0.288574
0.288574
0.287598
0.294922
0.300293
0.301270
0.303223
0.282715
0.313477
0.288574
0.318359
0.319336
0.319336
0.319336
0.318848
0.317871
0.285156
0.281738
0.310547
0.310547
0.309570
0.305664
0.303711
0.302246
0.294922
0.297363
0.292480
0.259277
0.281738
0.277832
0.240723
0.235352
0.259766
0.250977
0.206055
0.197754
0.191406
0.186035
0.179688
0.166504
0.155273
0.150391
0.135742
0.130371
0.118164
0.108398
0.104004
0.095215
0.086914
0.083984
0.074219
0.077148
0.073242
0.070801
0.069824
0.065430
0.100098
0.065430
0.063477
0.062500
0.063965
0.066406
0.062012
0.069336
0.069336
0.072754
0.075195
0.072754
0.080078
0.076660
0.089355
0.086914
0.089355
0.093750
0.096680
0.102051
0.102051
0.099121
0.102539
0.095703
0.105469
0.118652
0.122070
0.115723
0.127930
0.126465
0.131348
0.130371
0.133301
0.137207
0.136230
0.138672
0.139160
0.138672
0.143555
0.147949
0.144531
0.149902
0.148438
0.152832
0.147949
0.153809
0.145508
0.147949
0.153809
0.155762
0.150879
0.150391
0.149414
0.147949
0.146973
0.140137
0.136719
0.137207
0.137207
0.164551
0.131348
0.129395
0.125977
0.120117
0.115723
0.115234
0.102051
0.134766
0.131836
0.098633
0.096191
0.079590
0.082031
0.070312
0.065430
0.061523
0.057617
0.065430
0.051270
0.051758
0.044434
0.044434
0.043457
0.044434
0.039551
0.032227
0.041504
0.034180
0.034668
0.030273
0.032227
0.022949
0.030273
0.028320
0.028320
0.027832
0.029785
0.020508
0.029785
0.025391
0.017578
0.016602
0.028809
0.017578
0.021973
0.027344
0.019531
0.021484
0.022949
0.024902
0.026367
0.022461
0.025879
0.022461
0.025391
0.024902
0.025391
0.022949
0.025879
0.023438
0.027344
0.027344
0.026855
0.023926
0.026855
0.028809
0.023438
0.030762
0.021484
0.020508
0.020996
0.025879
0.022461
0.020996
0.027344
0.028320
0.025391
0.026367
0.026367
0.021973
0.020996
0.025879
0.021973
0.018066
0.023438
0.023926
0.021973
0.021973
0.019531
0.021973
0.020020
0.022949
0.022461
0.023438
0.020020
0.019531
0.023926
0.022461
0.019043
0.019043
0.020996
0.021484
0.019531
0.020508
0.022461
0.019531
0.016113
0.020020
0.017578
0.018555
0.021973
0.021484
0.022949
0.023926
0.023926
0.019043
0.024414
0.025391
0.024902
0.021973
0.019531
0.017090
0.025879
0.026367
0.026855
0.027344
0.062500
0.061523
0.059570
0.065430
0.064453
0.065918
0.069336
0.071289
0.070312
0.068848
0.079590
0.067383
0.072266
0.067871
0.075195
0.070801
0.076172
0.060059
0.074707
0.058594
0.073730
0.058105
0.062500
0.055176
0.055664
0.051270
0.057129
0.049316
0.055176
0.051758
0.050781
0.043457
0.000488
0.033203
0.030273
0.028809
0.027832
0.025391
0.022949
-0.019531
0.021973
0.022949
0.014160
0.000488
-0.033203
0.003906
-0.037109
0.003418
-0.036621
0.000977
-0.020996
-0.020996
-0.020020
-0.008301
-0.004395
0.007812
0.009277
0.025391
0.034180
0.046875
0.085449
0.099121
0.118652
0.129395
0.143066
0.160156
0.179688
0.196289
0.204102
0.218262
0.229004
0.236816
0.239258
0.247070
0.246094
0.247559
0.244629
0.245117
0.246094
0.247559
0.249512
0.249512
0.244629
0.237305
0.231934
0.229004
0.221191
0.211426
0.206055
0.198242
0.186035
0.176758
0.166504
0.153809
0.149902
0.138184
0.127441
0.106445
0.100586
0.094238
0.062012
0.051758
0.039062
0.035645
0.028320
0.020020
0.004883
0.004395
-0.001953
-0.007812
-0.023438
-0.021484
-0.024414
-0.029297
-0.029785
-0.036621
-0.036621
-0.044922
-0.036621
-0.035645
-0.032227
-0.027344
-0.023438
-0.019531
-0.006348
0.001465
0.008789
0.041016
0.053711
0.050781
0.068359
0.080078
0.095215
0.104492
0.125977
0.144043
0.167480
0.180176
0.187500
0.196289
0.211426
0.223145
0.238281
0.247070
0.250977
0.256348
0.254395
0.250488
0.249023
0.243164
0.244141
0.239746
0.228516
0.224121
0.218750
0.211426
0.202148
0.195801
0.188965
0.182129
0.169922
0.158691
0.149414
0.143555
0.133789
0.095215
0.093262
0.081543
0.071777
0.064941
0.050781
0.040527
0.026855
0.028320
0.017090
0.013672
0.005859
-0.002441
-0.005371
-0.011230
-0.015625
-0.021973
-0.026855
-0.026855
-0.030762
-0.025391
-0.031738
-0.028320
-0.027832
-0.028320
-0.012695
-0.001953
-0.000488
0.012695
0.039062
0.055176
0.055176
0.072266
0.076172
0.087402
0.109863
0.135254
0.155762
0.163574
0.183594
0.199707
0.223145
0.238770
0.246582
0.254395
0.256836
0.262207
0.261719
0.259277
0.255859
0.250977
0.246582
0.246094
0.243164
0.243164
0.237793
0.235840
0.229492
0.226562
0.219727
0.211914
0.204590
0.197754
0.188965
0.180176
0.139160
0.128906
0.117676
0.110840
0.100098
0.093262
0.117188
0.107422
0.113281
0.101074
0.101562
0.092773
0.100098
0.097656
0.100586
0.094238
0.107422
0.097168
0.114258
0.113770
0.122559
0.126953
0.135254
0.145020
0.146973
0.168945
0.188477
0.200684
0.218262
0.245117
0.260742
0.274902
0.286133
0.299316
0.338867
0.339844
0.334473
0.325195
0.316895
0.314453
0.302734
0.291992
0.285156
0.275391
0.259766
0.242676
0.234375
0.222168
0.220703
0.220703
0.220703
0.220703
0.220703
0.220703
0.220703
0.220703
0.220703
0.220703
0.220703
0.220703
0.220703
0.204590
0.220703
0.202148
0.201172
0.202148
0.201172
0.196289
0.192871
0.191406
0.187988
0.185547
0.208008
0.227051
0.236328
0.263184
0.275391
0.317383
0.342773
0.362305
0.390137
0.396484
